3000 2000 400 8000
526 562
1159 265
891 1566
2362 1144
2319 159
1449 687
2348 622
2527 634
2613 1206
1865 1637
2384 1637
2645 1550
2720 1734
2015 1716
2147 1139
1260 980
927 1370
476 364
347 23
68 138
3 2
2989 1990
1940 1773
2405 1808
2251 1280
2054 996
1321 1402
1850 202
852 419
1091 539
1836 362
2090 560
2430 320
2713 223
2838 272
2881 853
2770 957
2745 493
2860 456
1994 809
1596 985
1789 1204
1435 1513
357 1008
143 786
1256 579
304 1686
712 1596
852 1040
884 772
1360 961
866 1222
1711 1093
1743 343
1446 1347
1668 1264
1539 604
1757 747
2201 957
2405 895
2040 1471
1721 1610
1170 1843
963 1792
118 1247
451 1188
522 830
601 627
89 509
282 415
651 156
891 117
597 336
980 283
1278 6
1346 122
1457 228
1127 352
1109 403
1338 542
1474 429
1682 410
1317 364
1414 366
1414 366
1446 369
1460 369
1496 369
1535 369
1550 371
1582 371
1618 371
1643 373
1675 376
1704 378
1306 380
1299 387
1295 408
1292 429
1299 447
1317 461
1349 475
1367 477
1410 475
1439 465
1503 399
1528 440
1532 440
1550 452
1564 465
1589 482
1610 491
1628 498
1650 505
1628 551
1625 549
1589 549
1560 555
1525 567
1500 572
1457 579
1417 588
1399 592
1331 613
1303 622
1278 629
1267 636
1313 666
1381 685
1414 692
1453 701
1478 710
1514 722
1532 726
1546 731
1564 738
1460 595
1460 620
1460 636
1457 662
1449 682
1546 788
1532 788
1482 791
1453 791
1403 791
1356 788
1313 786
1267 786
1252 786
1292 809
1313 823
1342 835
1421 858
1435 865
1467 876
1517 899
1532 906
1535 922
1521 925
1500 925
1460 922
1417 920
1360 918
1278 918
1195 920
1374 855
1392 853
1217 1033
1270 1038
1349 1040
1403 1040
1457 1040
1496 1040
1521 1044
1525 1058
1525 1074
1514 1091
1496 1111
1482 1121
1449 1134
1399 1139
1371 1141
1331 1134
1303 1125
1270 1111
1249 1098
1224 1070
1206 1049
1231 1271
1231 1252
1238 1245
1252 1231
1270 1220
1299 1215
1342 1215
1374 1215
1399 1215
1428 1217
1464 1227
1489 1241
1496 1254
1500 1275
1496 1287
1482 1307
1467 1317
1428 1326
1399 1328
1360 1328
1331 1328
1288 1314
1260 1298
1238 1280
1507 1420
1478 1418
1446 1416
1406 1416
1374 1416
1342 1411
1256 1395
1231 1393
1227 1397
1260 1432
1274 1444
1295 1457
1303 1464
1317 1476
1299 1485
1281 1487
1256 1494
1235 1501
1213 1508
1202 1517
1202 1517
1220 1524
1256 1527
1288 1531
1331 1536
1374 1540
1403 1545
1439 1552
1507 1561
1159 1665
1177 1665
1184 1665
1213 1665
1235 1672
1263 1674
1285 1674
1324 1677
1353 1679
1392 1681
1406 1683
1424 1688
1439 1690
1532 1704
2029 449
2258 341
2205 163
2534 228
2273 625
2455 532
2620 625
2595 798
2359 1227
2208 1577
2305 1564
2459 1409
2652 1386
2663 1430
2552 1739
1986 1656
1840 1088
1915 1088
2130 514
1915 574
1822 1024
1865 1324
1865 1393
630 1478
529 1160
776 955
1081 802
1134 1188
766 1384
479 1386
515 1268
812 1185
511 825
633 579
970 486
1156 502
1256 431
980 756
776 680
515 445
304 752
447 678
862 622
837 546
608 262
239 226
175 260
247 588
257 643
494 638
178 1033
178 1033
751 719
719 908
483 1012
905 1024
1052 1010
998 1241
622 1247
461 1409
383 1379
200 1432
175 1499
390 1573
562 1623
451 1806
139 1831
225 1882
715 1833
826 1773
823 1838
504 1880
128 1679
1904 1672
1994 1042
2072 606
1725 1056
2040 938
2409 1185
2079 1550
2169 1610
2366 1506
2402 1358
2588 1455
2448 1801
2190 1833
2595 1843
2695 1866
2774 1723
2803 1517
2785 1395
2205 1420
1972 1301
2416 1217
2731 865
2334 828
2190 964
1525 1527
1832 1483
2019 1153
1768 860
1840 906
1675 124
1360 438
880 728
1131 1070
1507 899
1009 1760
1142 1388
1177 1402
1009 1534
1013 1582
1571 1617
1757 1564
1525 1850
1392 1870
1653 1893
1854 1891
1840 1797
1754 1769
1668 1785
0 0
10 28
873 348
123 832
23 233
8 192
918 23
102 322
1923 1827
1828 166
1 1889
213 1091
2999 909
1282 163
123 1234
999 999
1783 671
893 1991
2738 16
0 1289
128 712
1278 1999
2777 19
