60 80 330 2400
4 17
4 19
4 21
4 23
4 25
5 16
5 18
5 19
5 25
6 17
6 20
6 27
7 15
7 17
7 20
7 28
8 18
8 19
8 27
8 48
9 15
9 28
9 30
9 48
10 24
10 26
10 28
10 46
10 49
11 15
11 22
11 30
11 31
11 47
11 49
12 16
12 21
12 25
12 27
12 29
12 45
13 18
13 22
13 31
13 32
13 43
13 46
13 48
14 24
14 27
14 30
14 33
14 45
15 19
15 27
15 34
15 43
15 46
16 21
16 28
16 37
16 40
16 42
16 45
17 22
17 38
17 44
18 23
18 25
18 27
18 29
18 38
18 40
18 41
18 43
19 31
19 32
19 34
19 35
19 37
21 15
21 17
21 19
22 17
22 20
22 22
22 24
22 25
23 13
23 15
23 18
23 20
23 25
24 6
24 12
24 16
24 20
25 3
25 7
25 10
25 16
25 18
25 24
26 2
26 4
26 6
26 9
26 15
26 18
26 23
27 7
27 13
27 16
27 23
28 2
28 4
28 12
28 15
29 1
29 5
29 7
29 12
29 15
29 21
30 2
30 4
30 10
30 14
30 18
30 19
31 1
31 5
31 10
31 13
32 2
32 5
32 9
32 12
33 1
33 3
33 10
33 11
33 16
34 4
34 9
34 14
35 1
35 5
35 9
35 13
36 2
36 3
36 8
36 74
36 76
36 78
37 4
37 8
37 10
37 11
37 71
37 78
38 9
38 70
38 72
38 73
38 75
38 77
39 5
39 7
39 10
39 69
40 9
40 67
40 71
40 73
40 75
40 77
41 5
41 9
41 68
41 70
42 6
42 8
42 50
42 52
42 67
42 71
42 74
42 75
42 77
43 7
43 9
43 49
43 53
43 55
43 65
43 68
43 71
43 73
43 77
44 6
44 9
44 50
44 52
44 67
44 70
44 73
44 75
45 8
45 10
45 45
45 47
45 49
45 52
45 54
45 63
45 64
45 66
45 69
45 71
45 73
45 76
45 78
46 8
46 11
46 43
46 46
46 51
46 55
46 64
46 67
46 68
46 71
46 75
47 9
47 11
47 43
47 47
47 55
47 57
47 62
47 65
47 69
47 74
47 76
47 77
47 79
48 9
48 42
48 45
48 57
48 59
48 61
48 63
48 65
48 68
48 73
48 78
49 10
49 12
49 41
49 46
49 56
49 58
49 66
49 69
50 14
50 16
50 42
50 45
50 51
50 59
50 60
50 63
50 64
50 66
50 68
50 70
50 73
51 13
51 17
51 19
51 43
51 52
51 61
51 70
51 74
52 12
52 20
52 49
52 51
52 55
52 57
52 59
52 60
52 62
52 64
52 65
52 67
52 71
52 73
52 75
53 12
53 16
53 18
53 20
53 45
53 54
53 69
53 72
54 13
54 15
54 18
54 46
54 49
54 52
54 71
54 73
54 74
55 13
55 16
55 48
55 51
56 14
56 17
57 14
57 16
57 18
58 16
