350 350 2450 14000
41 122
41 123
42 119
42 120
42 121
42 123
42 124
43 116
43 117
43 118
43 124
44 114
44 115
44 116
44 124
45 112
45 113
45 114
45 123
45 124
46 111
46 112
46 123
47 109
47 110
47 111
47 123
48 108
48 109
48 122
48 123
49 106
49 107
49 108
49 122
50 102
50 103
50 106
50 121
50 122
51 102
51 103
51 104
51 105
51 121
52 103
52 104
52 120
52 121
53 102
53 103
53 120
54 98
54 99
54 100
54 101
54 119
54 120
55 99
55 100
55 119
56 98
56 99
56 118
56 119
57 97
57 98
57 118
58 95
58 96
58 97
58 118
59 95
59 117
60 94
60 95
60 117
61 93
61 94
61 116
61 117
62 93
62 116
63 92
63 93
63 115
63 116
63 137
63 138
63 139
63 140
64 90
64 91
64 92
64 115
64 134
64 135
64 136
64 137
64 138
64 139
64 140
65 89
65 90
65 114
65 115
65 132
65 133
65 134
65 137
65 138
66 88
66 89
66 113
66 114
66 129
66 130
66 131
66 135
66 136
67 86
67 87
67 88
67 113
67 129
67 133
67 134
67 135
68 85
68 86
68 112
68 113
68 128
68 132
68 133
69 83
69 84
69 85
69 112
69 127
69 128
69 131
69 132
70 82
70 83
70 112
70 125
70 126
70 127
70 130
70 131
71 81
71 82
71 112
71 125
71 130
72 79
72 80
72 81
72 111
72 112
72 124
72 125
72 130
73 77
73 78
73 79
73 111
73 123
73 124
73 130
74 75
74 76
74 77
74 111
74 122
74 123
74 130
75 73
75 74
75 75
75 111
75 121
75 122
75 130
76 72
76 73
76 111
76 121
76 130
77 70
77 71
77 111
77 119
77 120
77 131
78 69
78 70
78 111
78 119
78 131
79 68
79 69
79 111
79 118
79 119
79 131
80 67
80 68
80 111
80 117
80 118
80 131
81 64
81 65
81 66
81 67
81 111
81 117
81 131
82 65
82 66
82 111
82 117
82 131
83 65
83 111
83 116
83 117
83 131
83 132
84 64
84 65
84 110
84 111
84 116
84 132
85 63
85 64
85 110
85 116
85 132
86 62
86 63
86 110
86 113
86 114
86 115
86 116
86 132
87 61
87 62
87 110
87 111
87 112
87 113
87 114
87 115
87 132
88 57
88 58
88 60
88 61
88 112
88 113
88 114
88 115
88 132
89 56
89 57
89 58
89 59
89 132
90 56
90 57
90 58
90 132
90 246
90 247
90 248
90 249
90 250
90 251
90 252
90 253
90 254
90 255
90 256
90 257
90 258
90 259
90 260
90 261
91 57
91 132
91 133
91 240
91 241
91 242
91 243
91 244
91 245
91 246
91 261
91 262
91 263
91 264
91 265
91 266
91 267
92 57
92 58
92 133
92 236
92 237
92 238
92 239
92 240
92 243
92 244
92 245
92 246
92 247
92 248
92 249
92 250
92 251
92 252
92 253
92 254
92 255
92 256
92 257
92 258
92 259
92 260
92 267
92 268
92 269
92 270
92 271
93 56
93 57
93 58
93 133
93 233
93 234
93 235
93 236
93 239
93 240
93 241
93 242
93 243
93 260
93 261
93 262
93 263
93 264
93 271
93 272
93 273
93 274
94 56
94 57
94 133
94 229
94 230
94 231
94 233
94 234
94 235
94 236
94 237
94 266
94 267
94 268
94 275
94 276
94 277
94 278
95 57
95 58
95 133
95 226
95 227
95 228
95 229
95 230
95 231
95 232
95 233
95 268
95 269
95 270
95 271
95 278
95 279
96 58
96 59
96 110
96 111
96 112
96 113
96 133
96 224
96 225
96 226
96 228
96 229
96 230
96 271
96 272
96 273
96 279
96 280
96 281
97 59
97 60
97 109
97 110
97 113
97 114
97 133
97 222
97 223
97 224
97 225
97 226
97 227
97 228
97 273
97 274
97 275
97 281
97 282
97 283
97 284
98 60
98 61
98 62
98 110
98 113
98 114
98 115
98 132
98 133
98 220
98 221
98 222
98 223
98 224
98 225
98 275
98 276
98 284
98 285
98 286
99 62
99 110
99 111
99 115
99 116
99 132
99 219
99 220
99 221
99 222
99 276
99 277
99 278
99 286
100 63
100 64
100 111
100 116
100 117
100 132
100 219
100 220
100 278
100 279
100 280
100 287
100 288
101 64
101 65
101 111
101 112
101 117
101 132
101 280
101 281
101 288
101 289
102 63
102 64
102 65
102 66
102 112
102 117
102 132
102 281
102 282
102 289
102 290
102 291
103 66
103 67
103 68
103 112
103 113
103 118
103 132
103 282
103 283
103 291
103 292
104 68
104 69
104 113
104 114
104 118
104 119
104 132
104 282
104 283
104 292
104 293
105 69
105 70
105 114
105 118
105 119
105 120
105 132
105 281
105 282
105 293
105 294
106 69
106 70
106 71
106 72
106 114
106 115
106 116
106 117
106 120
106 131
106 132
106 278
106 279
106 280
106 295
107 72
107 73
107 115
107 120
107 121
107 131
107 276
107 277
107 278
107 295
107 296
108 73
108 115
108 116
108 121
108 122
108 131
108 266
108 267
108 268
108 269
108 270
108 271
108 272
108 273
108 274
108 275
108 276
108 296
108 297
109 73
109 74
109 116
109 122
109 131
109 264
109 265
109 266
109 297
110 74
110 116
110 117
110 122
110 123
110 131
110 263
110 298
111 74
111 82
111 83
111 84
111 85
111 86
111 87
111 88
111 89
111 90
111 117
111 123
111 124
111 131
111 262
111 263
111 298
112 74
112 83
112 92
112 93
112 117
112 118
112 123
112 124
112 125
112 131
112 261
112 262
112 298
112 299
113 74
113 83
113 93
113 94
113 118
113 125
113 126
113 127
113 131
113 260
113 261
113 299
113 300
114 74
114 83
114 84
114 94
114 95
114 118
114 127
114 128
114 131
114 132
114 133
114 259
114 260
114 300
115 74
115 75
115 84
115 85
115 95
115 118
115 119
115 128
115 129
115 133
115 134
115 135
115 259
115 300
115 301
116 75
116 85
116 86
116 95
116 96
116 97
116 119
116 129
116 130
116 131
116 135
116 136
116 137
116 258
116 259
116 301
117 75
117 86
117 87
117 97
117 119
117 120
117 131
117 132
117 133
117 137
117 138
117 257
117 302
118 75
118 76
118 82
118 87
118 88
118 97
118 98
118 99
118 120
118 133
118 134
118 135
118 136
118 137
118 138
118 256
118 257
118 302
119 76
119 82
119 83
119 88
119 89
119 90
119 99
119 100
119 120
119 121
119 122
119 256
119 302
119 303
120 76
120 77
120 82
120 83
120 84
120 87
120 88
120 90
120 91
120 100
120 101
120 121
120 122
120 255
120 256
120 303
121 77
121 83
121 84
121 85
121 87
121 88
121 89
121 90
121 91
121 92
121 101
121 102
121 121
121 122
121 255
121 303
122 77
122 78
122 83
122 84
122 85
122 86
122 88
122 89
122 90
122 91
122 92
122 102
122 103
122 105
122 106
122 107
122 122
122 123
122 254
122 255
122 303
122 304
123 78
123 79
123 84
123 85
123 87
123 88
123 91
123 92
123 93
123 94
123 107
123 108
123 109
123 123
123 124
123 254
123 304
124 79
124 80
124 85
124 86
124 88
124 89
124 90
124 94
124 95
124 96
124 97
124 109
124 110
124 111
124 124
124 125
124 254
124 304
125 80
125 81
125 86
125 87
125 88
125 89
125 90
125 91
125 92
125 93
125 97
125 98
125 99
125 100
125 101
125 102
125 103
125 104
125 105
125 111
125 112
125 125
125 126
125 127
125 128
125 245
125 246
125 253
125 254
125 304
126 81
126 82
126 88
126 89
126 93
126 94
126 95
126 96
126 103
126 105
126 106
126 107
126 108
126 109
126 112
126 113
126 114
126 126
126 127
126 245
126 246
126 247
126 248
126 253
126 304
126 305
127 82
127 89
127 90
127 91
127 96
127 97
127 98
127 99
127 100
127 101
127 102
127 103
127 104
127 105
127 106
127 107
127 108
127 109
127 114
127 115
127 127
127 128
127 245
127 248
127 249
127 253
127 305
128 83
128 86
128 87
128 88
128 91
128 92
128 115
128 116
128 117
128 128
128 129
128 245
128 249
128 250
128 253
128 305
129 84
129 87
129 88
129 89
129 90
129 92
129 93
129 117
129 118
129 129
129 130
129 244
129 245
129 250
129 251
129 253
129 305
130 83
130 84
130 85
130 88
130 89
130 90
130 91
130 92
130 93
130 94
130 118
130 119
130 120
130 130
130 131
130 244
130 251
130 252
130 253
130 305
131 85
131 86
131 87
131 90
131 91
131 92
131 93
131 94
131 120
131 121
131 131
131 132
131 244
131 252
131 253
131 305
132 87
132 88
132 89
132 91
132 92
132 93
132 121
132 122
132 123
132 132
132 133
132 134
132 135
132 243
132 244
132 305
132 306
133 89
133 90
133 93
133 94
133 95
133 97
133 98
133 123
133 124
133 125
133 133
133 134
133 135
133 243
133 306
134 90
134 91
134 92
134 95
134 96
134 98
134 125
134 126
134 127
134 134
134 135
134 136
134 243
134 306
135 93
135 94
135 95
135 98
135 99
135 100
135 128
135 129
135 130
135 136
135 137
135 138
135 243
135 306
136 95
136 96
136 97
136 100
136 101
136 102
136 103
136 130
136 131
136 132
136 138
136 139
136 140
136 242
136 243
136 306
137 97
137 98
137 99
137 100
137 103
137 104
137 105
137 130
137 131
137 132
137 133
137 134
137 140
137 141
137 242
137 306
137 307
138 100
138 101
138 102
138 106
138 107
138 134
138 135
138 136
138 141
138 142
138 143
138 242
138 307
139 102
139 103
139 104
139 105
139 106
139 107
139 108
139 109
139 110
139 111
139 112
139 136
139 137
139 138
139 139
139 143
139 144
139 145
139 242
139 307
140 106
140 107
140 108
140 109
140 112
140 113
140 114
140 115
140 136
140 137
140 139
140 140
140 141
140 145
140 146
140 241
140 242
140 308
141 109
141 110
141 111
141 112
141 113
141 114
141 115
141 116
141 136
141 137
141 140
141 141
141 142
141 143
141 144
141 145
141 146
141 241
141 308
141 309
142 114
142 115
142 116
142 117
142 118
142 241
142 247
142 248
142 309
143 241
143 246
143 247
143 248
143 310
144 241
144 244
144 245
144 246
144 247
144 310
144 311
145 240
145 243
145 244
145 247
145 311
145 312
146 240
146 241
146 242
146 243
146 246
146 247
146 312
146 313
147 245
147 246
147 309
147 313
148 245
148 309
148 312
148 313
149 244
149 245
149 311
149 312
150 243
150 244
150 308
150 309
150 310
150 311
151 243
151 307
151 308
151 309
151 310
152 242
152 243
152 304
152 305
152 306
153 242
153 302
153 303
153 304
154 241
154 242
154 301
154 302
155 241
155 299
155 300
155 301
156 241
156 267
156 268
156 269
156 270
156 297
156 298
156 299
157 241
157 264
157 265
157 266
157 267
157 269
157 270
157 295
157 296
157 297
158 241
158 242
158 261
158 262
158 263
158 269
158 292
158 293
158 294
158 295
159 153
159 154
159 242
159 243
159 244
159 245
159 258
159 259
159 260
159 261
159 269
159 287
159 288
159 289
159 290
159 291
159 292
160 151
160 152
160 153
160 154
160 155
160 156
160 157
160 158
160 245
160 246
160 247
160 248
160 249
160 250
160 251
160 252
160 253
160 254
160 255
160 256
160 257
160 258
160 268
160 269
160 286
161 150
161 151
161 158
161 159
161 160
161 268
161 286
162 149
162 150
162 160
162 161
162 162
162 268
162 285
162 286
163 146
163 147
163 148
163 162
163 163
163 164
163 268
163 269
163 284
163 285
164 139
164 140
164 141
164 142
164 143
164 144
164 145
164 146
164 164
164 165
164 166
164 269
164 284
165 135
165 136
165 137
165 138
165 139
165 166
165 167
165 168
165 269
165 270
165 283
165 284
166 131
166 132
166 133
166 134
166 135
166 168
166 169
166 270
166 282
166 283
167 129
167 130
167 131
167 169
167 170
167 270
167 271
167 282
168 128
168 129
168 170
168 171
168 172
168 271
168 272
168 281
168 282
169 127
169 128
169 172
169 173
169 272
169 273
169 279
169 280
169 281
170 125
170 126
170 127
170 173
170 273
170 274
170 275
170 276
170 277
170 278
170 279
171 124
171 125
171 174
171 175
172 123
172 124
172 175
172 176
173 123
173 176
173 177
174 122
174 177
174 178
175 122
175 178
175 179
176 122
176 179
176 180
177 122
177 123
177 180
177 181
178 123
178 181
178 182
179 123
179 182
179 183
180 123
180 124
180 183
180 184
181 124
181 184
181 185
182 124
182 125
182 185
183 125
183 186
184 125
184 126
184 186
184 187
185 126
185 187
185 188
186 127
186 188
186 189
187 127
187 189
187 190
188 128
188 190
188 191
189 128
189 129
189 191
189 192
190 129
190 192
190 193
191 129
191 130
191 193
192 130
192 131
192 193
192 194
193 131
193 132
193 194
194 132
194 133
194 194
194 195
195 133
195 134
195 195
196 134
196 135
196 195
196 196
197 135
197 136
197 196
198 136
198 137
198 196
199 137
199 138
199 196
199 210
199 211
199 212
199 213
199 214
199 215
200 139
200 195
200 196
200 201
200 202
200 203
200 204
200 205
200 206
200 207
200 208
200 209
200 210
200 215
201 139
201 140
201 195
201 196
201 197
201 198
201 199
201 200
201 201
201 215
202 140
202 141
202 142
202 215
203 142
203 143
203 144
203 215
204 144
204 145
204 214
204 215
205 145
205 146
205 214
206 146
206 147
206 148
206 149
206 214
207 149
207 150
207 214
208 150
208 151
208 152
208 153
208 213
208 214
209 154
209 155
209 156
209 213
210 156
210 157
210 193
210 194
210 195
210 196
210 213
211 157
211 158
211 192
211 193
211 196
211 197
211 213
212 158
212 159
212 160
212 190
212 191
212 192
212 197
212 198
212 212
212 213
213 160
213 161
213 188
213 189
213 190
213 198
213 199
213 200
213 212
214 162
214 163
214 186
214 187
214 188
214 200
214 201
214 212
215 163
215 164
215 165
215 185
215 186
215 201
215 202
215 212
216 165
216 166
216 167
216 168
216 169
216 181
216 182
216 183
216 184
216 185
216 202
216 203
216 211
216 212
217 169
217 170
217 171
217 172
217 173
217 174
217 175
217 176
217 177
217 178
217 179
217 180
217 181
217 203
217 204
217 205
217 211
218 205
218 211
219 205
219 206
219 211
220 206
220 207
220 208
220 210
220 211
221 208
221 209
221 210
222 209
222 210
247 46
247 47
247 48
247 49
247 50
247 51
247 52
247 53
247 54
247 55
247 56
247 57
247 58
247 59
247 60
247 61
247 62
247 63
247 64
247 65
247 66
247 67
247 68
247 69
247 70
247 71
247 72
247 73
247 74
247 75
248 43
248 44
248 45
248 46
248 75
248 76
248 77
248 78
249 43
249 78
249 79
249 80
249 81
250 43
250 82
250 83
250 84
250 104
250 105
250 106
250 107
250 108
251 43
251 84
251 85
251 86
251 100
251 101
251 102
251 103
251 104
251 108
252 41
252 42
252 43
252 86
252 87
252 88
252 89
252 98
252 99
252 100
252 108
253 40
253 41
253 89
253 90
253 91
253 92
253 94
253 95
253 96
253 97
253 98
253 108
254 40
254 41
254 42
254 92
254 93
254 94
254 108
255 42
255 43
255 108
256 43
256 107
256 108
257 43
257 44
257 107
258 44
258 45
258 107
259 45
259 46
259 107
260 46
260 107
261 47
261 107
262 47
262 48
262 107
263 48
263 49
263 105
263 106
263 107
264 47
264 48
264 50
264 105
264 106
264 107
265 47
265 49
265 50
265 51
265 106
265 107
265 108
266 47
266 48
266 51
266 52
266 53
266 108
266 109
267 53
267 54
267 110
267 111
268 51
268 52
268 53
268 54
268 55
268 56
268 111
268 112
268 113
269 51
269 52
269 53
269 56
269 113
269 114
270 56
270 57
270 58
270 114
270 115
270 116
270 117
271 56
271 57
271 58
271 116
272 59
272 116
272 117
272 118
273 59
273 60
273 61
273 118
273 119
273 120
274 61
274 62
274 63
274 120
274 121
274 122
274 127
275 63
275 64
275 65
275 122
275 123
275 124
275 127
276 64
276 65
276 66
276 124
276 125
276 126
277 64
277 66
277 67
277 68
277 69
277 126
277 127
277 128
277 129
278 70
278 71
278 132
278 133
278 134
278 135
278 136
278 137
278 138
278 139
278 140
279 71
279 72
279 73
279 74
279 140
279 141
279 142
279 143
279 144
279 145
279 146
280 74
280 75
280 76
280 146
280 147
280 148
280 149
281 76
281 149
282 75
282 76
282 148
282 149
283 75
283 146
283 147
283 149
283 278
283 279
283 280
283 281
283 282
283 283
283 284
283 285
283 286
283 287
283 288
283 289
283 290
283 291
283 292
283 293
283 294
283 295
283 296
284 75
284 144
284 145
284 146
284 148
284 149
284 268
284 271
284 272
284 273
284 274
284 275
284 276
284 277
284 278
284 296
284 297
284 298
284 299
284 300
284 301
285 75
285 85
285 86
285 87
285 141
285 142
285 143
285 144
285 267
285 268
285 269
285 270
285 271
285 301
285 302
285 303
286 75
286 85
286 87
286 88
286 89
286 90
286 91
286 92
286 139
286 140
286 141
286 142
286 263
286 264
286 265
286 266
286 267
286 303
286 304
287 75
287 85
287 92
287 93
287 94
287 95
287 96
287 112
287 113
287 114
287 115
287 116
287 137
287 138
287 139
287 140
287 257
287 258
287 259
287 260
287 261
287 305
287 306
287 307
287 308
287 309
288 75
288 84
288 85
288 96
288 97
288 98
288 111
288 112
288 116
288 117
288 118
288 119
288 120
288 136
288 137
288 255
288 256
288 257
288 307
288 308
288 309
289 75
289 84
289 98
289 99
289 110
289 111
289 120
289 121
289 122
289 123
289 124
289 137
289 138
289 252
289 253
289 254
289 255
289 308
289 309
290 75
290 83
290 96
290 97
290 99
290 100
290 110
290 125
290 126
290 138
290 249
290 250
290 251
290 310
290 311
291 75
291 82
291 83
291 96
291 97
291 98
291 100
291 101
291 110
291 126
291 127
291 138
291 247
291 248
291 249
291 311
291 312
291 314
291 315
292 75
292 81
292 82
292 98
292 101
292 102
292 109
292 110
292 127
292 128
292 138
292 244
292 245
292 246
292 247
292 312
292 313
292 314
293 75
293 76
293 78
293 79
293 80
293 81
293 101
293 102
293 103
293 109
293 128
293 129
293 139
293 242
293 243
293 244
293 314
293 315
294 76
294 77
294 78
294 102
294 103
294 104
294 108
294 109
294 129
294 130
294 139
294 140
294 240
294 241
294 242
294 315
294 316
294 317
295 104
295 105
295 108
295 130
295 131
295 132
295 140
295 239
295 240
295 317
295 318
296 105
296 106
296 107
296 108
296 132
296 133
296 140
296 141
296 237
296 238
296 239
296 246
296 247
296 248
296 249
296 250
296 251
296 318
296 319
297 106
297 107
297 133
297 134
297 141
297 235
297 236
297 237
297 243
297 244
297 245
297 246
297 251
297 319
298 134
298 135
298 136
298 141
298 142
298 232
298 233
298 234
298 240
298 241
298 242
298 252
298 319
299 136
299 137
299 142
299 229
299 230
299 231
299 232
299 238
299 239
299 240
299 252
299 319
300 137
300 138
300 142
300 228
300 229
300 230
300 231
300 236
300 237
300 238
300 239
300 240
300 252
300 253
300 319
301 139
301 140
301 141
301 142
301 228
301 229
301 233
301 234
301 235
301 236
301 253
301 318
301 319
302 140
302 141
302 142
302 227
302 228
302 231
302 232
302 233
302 239
302 240
302 241
302 242
302 243
302 252
302 253
302 318
303 140
303 226
303 227
303 228
303 229
303 230
303 231
303 236
303 237
303 238
303 239
303 240
303 241
303 243
303 244
303 245
303 246
303 247
303 248
303 249
303 253
303 317
303 318
304 225
304 226
304 227
304 228
304 236
304 249
304 250
304 251
304 252
304 316
304 317
305 236
305 315
305 316
306 236
306 237
306 315
307 237
307 314
307 315
308 237
308 313
308 314
309 237
309 238
309 312
309 313
310 238
310 310
310 311
311 238
311 309
311 310
312 238
312 239
312 308
312 309
313 239
313 307
313 308
314 239
314 240
314 305
314 306
314 307
314 308
315 240
315 254
315 255
315 303
315 304
315 305
316 240
316 253
316 254
316 255
316 300
316 301
316 302
316 303
316 305
317 240
317 252
317 253
317 255
317 298
317 299
317 300
318 241
318 250
318 251
318 255
318 256
318 295
318 296
318 297
318 298
319 241
319 249
319 250
319 256
319 293
319 294
319 295
320 241
320 248
320 249
320 256
320 289
320 290
320 291
320 292
320 293
320 295
320 296
321 241
321 242
321 247
321 248
321 256
321 287
321 288
321 289
322 242
322 243
322 244
322 245
322 246
322 247
322 255
322 256
322 282
322 283
322 284
322 285
323 242
323 243
323 245
323 246
323 247
323 254
323 255
323 279
323 280
323 281
323 282
324 254
324 276
324 277
324 278
324 279
324 282
325 252
325 253
325 254
325 273
325 274
325 275
325 276
326 251
326 252
326 270
326 271
326 272
326 273
327 249
327 250
327 251
327 266
327 267
327 268
327 269
327 270
328 247
328 248
328 249
328 263
328 264
328 265
328 266
329 244
329 245
329 246
329 247
329 260
329 261
329 262
329 263
330 240
330 241
330 242
330 243
330 244
330 256
330 257
330 258
330 259
330 260
330 261
331 237
331 238
331 239
331 240
331 252
331 253
331 254
331 255
331 256
332 237
332 245
332 246
332 247
332 248
332 249
332 250
332 251
332 252
333 237
333 238
333 239
333 240
