800 800 2400 12000
620 72
620 73
620 81
620 82
620 83
620 84
620 85
620 86
620 88
621 71
621 94
621 95
621 103
621 104
621 109
622 77
622 82
622 83
622 92
622 93
622 95
622 97
622 103
622 104
622 105
622 106
623 74
623 76
623 84
623 85
623 86
623 89
623 91
623 92
623 93
623 94
623 95
623 97
623 98
623 111
623 112
624 77
624 78
624 81
624 87
624 88
624 89
624 93
624 94
624 97
624 115
624 117
624 121
625 74
625 78
625 81
625 82
625 97
625 98
625 99
625 104
625 113
625 114
625 115
625 117
626 71
626 74
626 92
626 93
626 110
626 111
627 73
627 74
627 100
628 105
628 111
628 112
629 99
629 100
629 118
630 80
630 100
630 101
630 107
630 112
631 73
631 74
631 75
631 112
631 120
632 74
632 82
632 107
632 112
632 120
633 105
633 108
633 109
633 121
634 83
634 84
634 87
634 107
634 108
634 109
634 112
634 113
634 119
635 65
635 77
635 84
635 85
635 106
635 107
635 108
635 110
635 112
635 113
636 65
636 73
636 77
636 90
636 91
636 107
636 108
636 110
636 112
636 113
636 121
636 122
637 65
637 86
637 89
637 90
637 91
637 108
637 110
637 116
638 79
638 80
638 86
638 87
638 91
638 93
638 103
638 106
638 117
638 121
638 122
639 65
639 66
639 71
639 81
639 91
639 93
639 104
639 111
639 113
639 120
639 122
640 66
640 73
640 81
640 91
640 93
640 94
640 105
640 106
640 107
640 109
640 110
640 115
640 117
640 121
640 122
641 66
641 82
641 83
641 97
641 98
641 102
641 106
641 107
641 112
641 117
641 118
641 120
641 121
642 66
642 71
642 89
642 120
642 121
643 66
643 69
643 84
643 85
643 89
643 97
643 103
643 104
643 110
643 112
643 117
643 118
643 120
644 75
644 83
644 86
644 98
644 106
644 112
644 113
644 118
645 69
645 72
645 80
645 81
645 83
645 84
645 91
645 100
645 106
645 111
645 112
645 113
645 114
645 118
645 120
646 66
646 69
646 72
646 74
646 75
646 81
646 92
646 105
646 106
646 108
646 109
646 110
646 111
647 67
647 72
647 75
647 81
647 88
647 89
647 93
647 94
647 103
647 105
647 106
647 108
647 120
648 67
648 75
648 89
648 90
648 94
648 102
648 103
648 120
648 121
649 67
649 69
649 80
649 83
649 88
649 90
649 91
649 92
649 99
649 108
649 117
649 118
649 120
649 121
650 67
650 78
650 79
650 80
650 81
650 83
650 84
650 98
650 99
650 104
650 105
650 106
650 107
650 113
650 114
650 115
650 117
650 121
651 73
651 74
651 78
651 81
651 82
651 83
651 84
651 85
651 94
651 96
651 105
651 114
651 115
651 117
651 119
651 120
652 74
652 76
652 79
652 80
652 83
652 90
652 91
652 92
652 93
652 102
652 110
652 112
652 113
652 114
652 115
652 117
652 119
652 120
653 68
653 73
653 74
653 75
653 76
653 80
653 81
653 82
653 88
653 105
653 106
653 108
653 109
653 110
653 111
653 113
653 114
653 117
653 120
654 73
654 74
654 75
654 76
654 78
654 79
654 82
654 91
654 92
654 93
654 102
654 103
654 104
654 105
654 107
654 108
654 109
654 110
654 111
654 115
654 117
655 69
655 73
655 75
655 76
655 81
655 90
655 92
655 93
655 98
655 103
655 104
655 105
655 107
655 108
655 109
655 111
655 113
655 115
655 117
656 71
656 78
656 82
656 87
656 89
656 92
656 93
656 96
656 98
656 100
656 101
656 102
656 103
656 104
656 105
656 106
656 115
656 117
657 75
657 81
657 84
657 85
657 87
657 93
657 96
657 98
657 99
657 100
657 101
657 102
657 103
657 104
658 75
658 76
658 83
658 84
658 87
658 96
658 98
658 99
658 100
659 71
659 72
659 73
659 75
659 96
659 111
660 72
660 75
660 93
660 96
660 109
662 75
662 76
663 73
663 76
663 96
664 73
664 74
664 76
664 112
665 110
665 111
665 112
666 73
666 74
666 107
666 108
666 113
666 114
667 70
667 71
667 72
667 91
667 92
667 107
667 108
668 107
668 118
669 72
669 78
669 79
669 106
669 115
669 116
669 117
669 118
669 119
670 69
670 76
670 79
670 90
670 91
670 93
670 94
670 97
670 115
670 118
670 119
670 120
670 121
671 67
671 70
671 72
671 76
671 80
671 81
671 88
671 89
671 90
671 91
671 92
671 93
671 94
671 105
671 109
671 110
671 112
671 115
672 68
672 70
672 71
672 72
672 76
672 108
672 109
672 121
672 122
673 68
673 71
673 72
673 73
673 81
673 83
673 91
673 93
673 112
673 113
673 122
674 68
674 72
674 108
674 111
674 121
674 122
675 76
675 78
675 86
675 101
675 121
675 122
676 72
676 73
676 74
676 75
676 76
676 80
676 83
676 108
676 121
676 122
677 69
677 72
677 73
677 78
677 79
677 80
677 107
677 108
677 110
677 111
677 112
677 122
678 74
678 75
678 76
678 97
678 98
678 102
678 103
678 104
678 105
678 107
678 121
678 122
679 89
679 90
679 97
679 102
679 111
679 113
679 114
679 121
679 122
680 79
680 91
680 92
680 93
680 95
680 104
680 105
680 107
680 109
680 110
680 111
680 114
680 121
681 74
681 75
681 79
681 82
681 100
681 104
681 107
681 109
681 110
681 111
681 121
682 73
682 74
682 75
682 76
682 77
682 82
682 113
682 114
682 121
682 122
682 123
682 124
683 74
683 75
683 76
683 79
683 81
683 82
683 89
683 91
683 92
683 93
683 98
683 104
683 107
683 109
683 110
683 111
683 114
683 126
683 127
683 128
683 129
684 65
684 75
684 76
684 77
684 83
684 86
684 87
684 89
684 93
684 97
684 104
684 107
684 108
684 109
684 128
684 130
684 131
684 132
684 133
685 63
685 64
685 81
685 86
685 87
685 88
685 89
685 104
685 107
685 108
685 119
685 134
685 135
685 136
685 137
686 61
686 63
686 76
686 77
686 79
686 81
686 82
686 86
686 88
686 89
686 104
686 113
686 116
686 119
686 129
686 130
686 139
686 140
687 59
687 76
687 77
687 78
687 86
687 87
687 88
687 107
687 108
687 109
687 110
687 111
687 112
687 113
687 116
687 117
687 119
687 130
687 140
687 141
688 58
688 82
688 88
688 89
688 107
688 108
688 109
688 110
688 111
688 112
688 113
688 114
688 141
689 54
689 56
689 89
689 91
689 92
689 103
689 104
689 107
689 109
689 110
689 118
689 119
689 131
689 132
689 141
690 52
690 53
690 54
690 82
690 83
690 86
690 89
690 90
690 91
690 92
690 102
690 103
690 107
690 132
690 142
691 50
691 51
691 52
691 81
691 82
691 83
691 84
691 86
691 91
691 92
691 93
691 102
691 132
691 142
692 82
692 83
692 86
692 90
692 91
692 93
692 94
692 105
692 107
692 108
692 109
692 110
692 132
692 133
693 47
693 48
693 83
693 85
693 86
693 91
693 102
693 103
693 105
693 108
693 109
693 110
693 132
693 133
693 142
694 46
694 47
694 94
694 102
694 105
694 108
694 109
694 110
694 142
695 44
695 45
695 54
695 55
695 94
695 95
695 102
695 106
695 108
695 109
695 110
695 115
695 132
695 133
696 43
696 44
696 55
696 56
696 89
696 93
696 106
696 107
696 108
696 109
696 116
696 133
697 41
697 42
697 43
697 86
697 89
697 93
697 94
697 98
697 99
697 100
697 102
697 109
697 112
697 113
697 116
698 40
698 41
698 90
698 91
698 94
698 108
698 109
698 110
698 112
698 133
698 143
699 39
699 40
699 87
699 91
699 94
699 95
699 102
699 103
699 104
699 115
699 116
699 143
700 38
700 39
700 85
700 86
700 87
700 88
700 92
700 95
700 98
700 115
700 116
700 133
700 143
701 37
701 86
701 87
701 88
701 90
701 92
701 93
701 98
701 108
701 109
701 110
701 111
701 115
701 143
702 36
702 37
702 59
702 60
702 85
702 86
702 87
702 90
702 92
702 93
702 94
702 95
702 108
702 109
702 119
702 144
703 60
703 61
703 85
703 86
703 87
703 88
703 95
703 98
703 99
703 100
703 110
703 144
704 85
704 86
704 89
704 90
704 91
704 92
704 98
704 100
704 108
704 120
705 36
705 86
705 87
705 88
705 89
705 98
705 99
705 109
706 36
706 93
706 107
706 108
706 117
706 120
706 146
707 36
707 63
707 86
707 89
707 103
707 104
707 107
707 116
707 117
707 146
708 36
708 105
708 106
708 107
708 108
709 36
709 37
709 64
709 89
709 90
709 92
709 106
709 107
709 108
709 116
709 146
710 86
710 89
710 96
710 98
710 114
710 115
710 146
711 64
711 65
711 85
711 86
711 92
711 99
711 100
711 101
711 105
711 107
711 108
711 109
711 116
711 120
711 121
711 124
711 135
711 136
711 137
711 147
712 85
712 86
712 92
712 101
712 102
712 105
712 106
712 113
712 114
712 115
712 121
712 124
712 147
712 148
713 37
713 66
713 85
713 86
713 89
713 92
713 100
713 104
713 107
713 109
713 110
713 114
713 115
713 124
713 138
713 140
713 141
714 37
714 38
714 66
714 67
714 85
714 89
714 104
714 106
714 107
714 108
714 109
714 110
714 138
714 139
714 140
714 141
714 148
714 149
715 85
715 92
715 107
715 123
715 124
715 126
715 127
715 142
716 38
716 64
716 65
716 89
716 92
716 126
716 127
716 150
717 68
717 85
717 89
717 92
717 127
717 134
717 135
717 143
717 150
718 39
718 64
718 68
718 85
718 105
718 106
718 107
718 108
718 112
718 124
718 126
718 127
718 128
718 143
718 144
718 150
718 151
719 64
719 103
719 104
719 105
719 107
719 108
719 124
719 126
719 134
719 143
719 144
719 151
720 39
720 89
720 102
720 103
720 105
720 112
720 126
720 127
720 128
720 129
720 134
720 135
720 144
720 145
721 39
721 65
721 85
721 88
721 92
721 101
721 102
721 108
721 112
721 124
721 144
721 145
721 152
722 39
722 88
722 92
722 99
722 100
722 108
722 127
722 128
722 129
722 133
723 38
723 70
723 88
723 92
723 103
723 108
723 113
723 124
723 127
723 128
723 129
723 130
723 132
723 133
723 135
724 38
724 65
724 87
724 88
724 92
724 102
724 112
724 113
724 124
724 129
724 130
724 132
724 133
724 135
725 65
725 71
725 72
725 83
725 87
725 88
725 109
725 112
725 113
725 124
725 130
725 131
725 132
725 154
726 38
726 39
726 65
726 71
726 83
726 101
726 109
726 113
726 114
726 124
726 125
726 128
726 129
726 130
726 147
726 148
726 154
727 65
727 71
727 72
727 92
727 94
727 95
727 101
727 109
727 113
727 114
728 64
728 71
728 73
728 74
728 75
728 87
728 91
728 92
728 93
728 94
728 101
728 110
728 148
728 155
728 156
729 64
729 81
729 83
729 86
729 94
729 100
729 101
729 148
729 150
729 156
730 39
730 40
730 75
730 76
730 77
730 78
730 81
730 83
730 86
730 94
730 95
730 96
730 97
730 98
730 121
730 130
730 131
730 132
730 149
730 150
731 39
731 40
731 70
731 71
731 77
731 78
731 80
731 81
731 83
731 116
731 125
731 130
731 131
731 132
731 133
731 150
732 77
732 78
732 110
732 131
732 132
732 133
733 73
733 74
733 131
733 158
734 73
734 118
734 120
734 121
734 132
734 151
734 152
734 159
735 75
735 115
735 116
735 117
735 121
735 151
735 152
735 159
736 39
736 112
736 113
736 114
736 127
736 159
736 160
737 111
738 39
738 117
738 118
738 131
738 132
738 153
739 39
739 67
739 109
739 110
739 114
739 127
739 132
739 133
739 161
740 39
740 66
740 67
740 69
740 122
740 123
740 124
740 125
740 127
740 154
740 155
740 162
741 39
741 64
741 68
741 80
741 108
741 127
741 129
741 130
741 132
741 133
741 134
741 135
741 136
741 155
741 162
742 64
742 68
742 109
742 112
742 113
742 127
742 128
742 155
742 162
742 163
743 39
743 67
743 68
743 78
743 79
743 80
743 110
743 111
743 112
743 115
743 125
743 127
743 135
743 155
743 156
743 163
744 38
744 39
744 62
744 107
744 108
744 109
744 114
744 117
744 118
744 119
744 136
744 156
744 157
745 36
745 37
745 74
745 111
745 112
745 113
745 135
745 136
745 137
745 139
745 140
746 35
746 36
746 71
746 72
746 74
746 80
746 115
746 116
746 117
746 118
746 119
746 136
746 137
746 138
746 139
746 140
746 158
746 164
746 165
747 34
747 35
747 62
747 65
747 71
747 73
747 74
747 75
747 109
747 110
747 111
747 112
747 123
748 33
748 61
748 65
748 79
748 116
748 123
748 136
748 165
748 166
749 32
749 61
749 73
749 74
749 79
749 114
749 115
749 116
749 138
749 139
749 142
749 159
749 166
750 65
750 70
750 71
750 73
750 74
750 123
750 138
750 139
750 159
750 166
751 29
751 64
751 65
751 70
751 139
751 160
751 167
752 27
752 61
752 64
752 79
752 80
752 81
752 83
752 106
752 123
752 138
752 139
752 144
752 155
752 160
752 167
753 26
753 27
753 70
753 79
753 99
753 100
753 107
753 119
753 121
753 122
753 123
753 139
753 144
753 145
753 155
753 160
753 167
753 168
754 25
754 26
754 62
754 64
754 65
754 103
754 105
754 139
754 145
754 155
754 168
755 24
755 61
755 62
755 70
755 79
755 89
755 90
755 99
755 100
755 110
755 111
755 112
755 139
755 140
755 146
755 155
755 161
755 162
755 168
755 169
756 23
756 41
756 62
756 85
756 86
756 90
756 91
756 139
756 140
756 146
756 147
756 161
756 162
756 169
757 21
757 22
757 71
757 79
757 86
757 111
757 112
757 116
757 117
757 118
757 125
757 140
757 147
757 162
757 163
757 169
758 21
758 44
758 65
758 66
758 71
758 79
758 99
758 112
758 113
758 114
758 118
758 119
758 125
758 140
758 148
759 20
759 44
759 66
759 67
759 71
759 72
759 113
759 114
759 115
759 116
759 119
759 120
759 127
759 139
759 140
759 141
759 148
759 149
759 170
760 18
760 20
760 66
760 67
760 72
760 100
760 101
760 113
760 116
760 117
760 122
760 123
760 124
760 125
760 127
760 140
760 141
760 149
760 163
760 164
761 64
761 65
761 66
761 67
761 68
761 80
761 81
761 101
761 113
761 114
761 115
761 116
761 117
761 118
761 119
761 120
761 122
761 123
761 124
761 127
761 140
761 141
761 142
761 150
761 164
761 170
762 65
762 73
762 74
762 91
762 92
762 97
762 98
762 113
762 114
762 115
762 116
762 117
762 120
762 122
762 124
762 125
762 150
762 151
762 159
763 15
763 70
763 71
763 86
763 87
763 93
763 98
763 99
763 100
763 112
763 113
763 114
763 115
763 117
763 119
763 120
763 142
763 143
763 159
763 164
763 165
763 171
764 14
764 15
764 87
764 112
764 113
764 114
764 115
764 116
764 117
764 152
764 164
764 165
765 13
765 14
765 81
765 88
765 94
765 102
765 104
765 105
765 112
765 115
765 116
765 117
765 118
765 152
765 153
766 77
766 89
766 90
766 94
766 95
766 102
766 105
766 106
766 107
766 112
766 143
766 144
766 153
766 157
766 165
766 166
767 12
767 75
767 76
767 77
767 78
767 86
767 91
767 95
767 96
767 102
767 103
767 106
767 107
767 116
767 144
767 153
768 11
768 12
768 77
768 78
768 86
768 91
768 92
768 96
768 97
768 101
768 102
768 112
768 113
768 116
768 144
768 145
768 153
768 166
768 173
769 11
769 78
769 79
769 86
769 92
769 97
769 105
769 106
769 107
769 108
769 114
769 145
769 153
769 166
769 173
769 174
770 79
770 80
770 86
770 87
770 98
770 99
770 106
770 107
770 108
770 113
770 114
770 145
770 146
770 153
770 174
771 10
771 80
771 81
771 94
771 95
771 96
771 97
771 108
771 112
771 146
771 153
771 154
771 166
771 167
771 174
772 9
772 57
772 64
772 87
772 99
772 102
772 106
772 107
772 111
772 112
772 146
772 154
772 155
772 166
772 167
772 168
772 169
772 175
773 9
773 55
773 56
773 62
773 87
773 88
773 101
773 102
773 103
773 104
773 105
773 106
773 110
773 111
773 146
773 155
773 156
773 165
773 166
773 168
773 169
773 175
774 46
774 47
774 65
774 87
774 109
774 110
774 146
774 147
774 156
774 159
774 164
774 169
774 170
775 8
775 44
775 45
775 87
775 88
775 108
775 109
775 132
775 133
775 134
775 146
775 156
775 176
776 7
776 40
776 41
776 42
776 65
776 86
776 87
776 88
776 107
776 132
776 134
776 135
776 146
776 170
776 171
776 177
777 7
777 36
777 37
777 38
777 39
777 40
777 66
777 86
777 87
777 88
777 89
777 132
777 135
777 136
777 146
777 156
777 170
777 171
777 177
778 6
778 33
778 34
778 35
778 36
778 37
778 66
778 89
778 90
778 106
778 123
778 124
778 131
778 137
778 156
778 157
778 171
778 177
778 178
779 6
779 31
779 32
779 33
779 66
779 105
779 124
779 131
779 145
779 156
779 157
779 171
779 178
780 6
780 28
780 29
780 30
780 66
780 104
780 105
780 139
780 145
780 157
780 178
781 25
781 26
781 29
781 66
781 104
781 119
781 124
781 131
781 140
781 145
781 157
781 179
782 21
782 22
782 23
782 24
782 25
782 26
782 66
782 86
782 103
782 118
782 124
782 131
782 140
782 141
782 157
782 173
783 4
783 19
783 20
783 21
783 22
783 23
783 65
783 86
783 87
783 102
783 103
783 117
783 118
783 124
783 141
783 142
783 144
783 157
783 158
783 179
784 4
784 19
784 20
784 21
784 22
784 24
784 64
784 65
784 84
784 85
784 86
784 102
784 116
784 123
784 124
784 131
784 142
784 143
784 144
784 174
784 179
785 17
785 18
785 19
785 20
785 70
785 71
785 72
785 73
785 75
785 76
785 77
785 80
785 83
785 100
785 115
785 123
785 130
785 131
785 142
785 143
785 144
785 145
785 158
785 174
785 180
786 15
786 16
786 17
786 18
786 65
786 69
786 70
786 76
786 77
786 78
786 80
786 81
786 98
786 99
786 111
786 112
786 123
786 131
786 143
786 144
786 146
786 158
786 174
786 175
786 180
787 3
787 14
787 16
787 68
787 69
787 97
787 98
787 99
787 103
787 104
787 105
787 109
787 110
787 111
787 112
787 113
787 114
787 115
787 123
787 131
787 143
787 144
787 146
787 147
787 159
787 175
787 176
787 180
788 2
788 13
788 14
788 65
788 97
788 98
788 99
788 103
788 110
788 111
788 112
788 113
788 114
788 122
788 126
788 127
788 129
788 131
788 144
788 145
788 147
788 159
788 175
788 176
788 181
789 1
789 70
789 110
789 112
789 113
789 114
789 115
789 119
789 120
789 124
789 126
789 129
789 131
789 132
789 144
789 145
789 147
789 148
789 159
789 176
789 177
789 181
790 64
790 70
790 71
790 76
790 113
790 114
790 115
790 117
790 119
790 131
790 145
790 146
790 148
790 149
790 160
790 176
790 177
790 181
791 0
791 14
791 64
791 71
791 72
791 76
791 77
791 78
791 79
791 110
791 114
791 115
791 127
791 131
791 145
791 146
791 149
791 160
791 161
791 177
791 178
791 182
792 0
792 64
792 72
792 78
792 80
792 81
792 110
792 114
792 126
792 131
792 146
792 147
792 150
792 160
792 161
792 177
792 178
792 182
793 0
793 8
793 10
793 11
793 12
793 63
793 72
793 73
793 80
793 81
793 82
793 83
793 93
793 96
793 100
793 101
793 103
793 105
793 108
793 110
793 113
793 114
793 120
793 125
793 126
793 130
793 146
793 147
793 148
793 150
793 151
793 161
793 177
793 178
793 182
794 5
794 6
794 9
794 63
794 73
794 74
794 82
794 83
794 84
794 85
794 86
794 87
794 97
794 108
794 109
794 110
794 111
794 112
794 119
794 124
794 125
794 147
794 148
794 151
794 152
794 161
794 178
794 179
794 182
794 183
795 3
795 4
795 5
795 6
795 8
795 9
795 74
795 75
795 90
795 94
795 95
795 96
795 123
795 124
795 129
795 130
795 147
795 148
795 152
795 161
795 162
795 178
795 179
795 183
796 2
796 3
796 4
796 5
796 6
796 7
796 8
796 61
796 62
796 75
796 85
796 86
796 87
796 90
796 91
796 92
796 96
796 97
796 117
796 122
796 129
796 148
796 149
796 152
796 153
796 161
796 162
796 178
796 179
796 180
796 183
797 1
797 2
797 5
797 6
797 61
797 76
797 87
797 88
797 92
797 93
797 98
797 99
797 116
797 120
797 129
797 148
797 149
797 150
797 153
797 162
797 179
797 180
797 183
798 1
798 4
798 5
798 60
798 76
798 88
798 89
798 93
798 94
798 100
798 101
798 114
798 115
798 122
798 123
798 129
798 149
798 150
798 153
798 154
798 162
798 179
798 180
798 184
799 0
799 1
799 3
799 4
799 59
799 60
799 78
799 90
799 94
799 95
799 101
799 102
799 112
799 113
799 118
799 119
799 120
799 122
799 123
799 129
799 150
799 151
799 154
799 179
799 180
799 184
