7000 9000 1200 17000
1196 1538
1196 1538
1268 1538
1333 1538
1405 1538
1470 1553
1535 1561
1636 1561
1715 1561
1795 1561
1953 1561
2054 1577
2119 1577
2198 1593
2278 1601
2371 1632
2588 1687
2681 1703
2775 1719
2861 1743
2934 1766
2984 1782
3071 1814
3114 1829
3171 1845
3215 1861
3373 1940
3532 2011
3669 2066
3777 2129
3914 2200
4080 2319
4224 2421
4383 2524
4476 2595
4556 2673
4642 2752
4700 2823
4772 2886
4837 2981
4930 3163
4995 3297
5053 3439
5089 3517
5161 3762
5197 3928
5212 3991
5233 4085
5262 4235
5284 4385
5284 4425
5277 4496
5277 4685
5277 4787
5219 4969
5154 5071
5060 5276
4967 5450
4923 5560
4894 5639
4837 5742
4757 5860
4649 6002
4520 6160
4397 6278
4289 6349
4152 6468
4065 6515
3900 6594
3755 6665
3654 6712
3554 6751
3431 6791
3301 6830
3193 6854
3107 6901
2941 6957
2811 7004
2696 7051
2588 7091
2443 7122
2278 7170
2148 7217
2025 7248
1917 7272
1809 7288
1614 7319
1521 7343
1427 7343
1326 7343
1196 7343
987 7343
865 7351
1665 6807
1665 6783
1679 6673
1737 6578
1773 6515
1816 6436
1859 6365
1881 6333
1946 6247
1953 6223
2004 6160
2025 6120
2054 6081
2141 5947
2184 5900
2249 5797
2350 5624
2400 5553
2436 5489
2479 5426
2508 5395
2552 5355
2602 5308
2674 5245
2717 5213
2775 5182
2847 5134
2890 5103
3020 5016
3063 5000
3114 4977
3186 4945
3265 4898
3308 4882
3330 4874
3308 4937
3308 5024
3301 5087
3236 5292
3222 5332
3200 5387
3179 5474
3143 5600
3121 5663
3107 5750
3092 5781
3056 5915
3006 6128
2977 6231
2955 6302
2941 6397
2905 6531
2890 6609
2869 6704
2825 6807
2761 6886
2761 6886
2761 6838
2761 6720
2768 6609
2782 6412
2782 6412
2681 6625
2638 6712
2566 6815
2443 6917
2371 6972
2270 7059
2177 7162
2155 7193
2148 7177
2191 7028
2249 6870
2314 6736
2386 6617
2451 6483
2479 6404
2278 6531
2184 6625
2141 6712
2112 6783
2061 6901
2011 7012
1982 7043
1917 7114
1845 7170
1694 7256
1578 7304
1499 7312
1492 7312
1571 7225
1622 7154
1708 7043
1809 6901
1881 6767
1975 6625
2011 6578
2047 6515
2090 6444
2090 6444
2047 6436
1953 6499
1859 6586
1759 6688
1679 6791
3936 3005
3705 3194
3691 3249
3727 3218
3784 3139
3806 3115
3914 3068
3784 3273
3791 3289
3791 3289
3842 3320
3856 3328
3871 3344
3914 3431
3885 3478
3871 3510
3856 3533
3828 3596
3799 3644
3763 3691
3741 3730
3791 3778
3806 3786
3921 3880
3921 3880
3986 3920
4037 3959
4094 3999
4138 4022
4166 4054
4138 4109
4109 4141
4080 4156
4001 4219
3986 4235
3943 4267
3864 4314
3813 4354
3813 4369
3856 4385
3907 4401
3950 4401
3993 4417
4087 4448
4101 4448
4101 4448
4152 4472
4202 4496
4217 4511
4202 4551
4130 4622
4094 4630
4022 4669
3957 4709
3864 4748
3820 4764
3900 4811
3928 4819
3979 4835
4037 4843
4087 4851
4123 4851
4181 4851
4188 4858
4138 4929
4109 4953
4044 4992
3986 5032
3907 5071
3871 5087
3799 5127
3784 5142
3835 5221
3835 5229
3892 5253
3972 5276
4029 5292
4051 5300
4080 5332
4065 5371
4065 5466
4029 5537
4015 5616
4001 5663
3964 5773
3928 5876
3928 5876
3964 5860
4029 5821
4073 5789
4116 5750
4130 5742
4246 5639
4267 5616
4289 5584
4311 5568
4325 5553
4419 5482
3957 2942
3972 2879
3979 2823
4001 2658
4073 2681
4101 2737
4109 2815
4130 2879
4152 2950
4174 3036
4202 3147
4210 3226
4210 3226
4368 3092
4426 3005
4440 2973
4440 2973
4484 2879
4484 2879
4311 3218
4354 3170
4563 2989
4512 3178
4484 3320
4484 3328
4484 3415
4491 3478
4505 3502
4505 3525
4527 3612
4592 3667
4635 3699
4671 3730
4772 3801
4794 3817
4779 3849
4714 3943
4693 4014
4664 4117
4649 4172
4649 4290
4649 4361
4649 4559
4649 4559
4649 4638
4657 4677
4678 4803
4685 4811
4700 4906
4714 4961
4714 4977
4721 5056
4743 5190
4736 5198
4664 5127
4606 5079
4520 5016
4520 5024
4520 5087
4541 5190
4556 5269
4556 5379
4556 5497
4563 5584
4570 5647
4570 5750
4520 5900
4462 5994
4447 6010
4447 5978
4469 5805
4476 5789
4476 5710
4476 5639
4462 5521
4462 5521
1759 1711
1759 1751
1780 1806
1823 1908
1845 1987
1859 2019
1888 2082
1903 2177
1924 2240
1946 2279
1968 2326
1996 2382
2025 2445
2047 2476
2083 2531
2133 2610
2162 2666
2234 2768
2285 2831
2350 2894
2415 2965
2451 3021
2487 3099
2588 3202
2616 3241
2674 3289
2746 3336
2789 3360
2869 3446
2970 3510
3078 3557
3121 3588
3193 3636
3258 3659
3294 3683
3316 3691
3316 3691
3337 3667
3352 3510
3352 3454
3345 3399
3337 3249
3308 2910
3308 2910
3265 2681
3258 2602
3215 2476
3193 2429
3164 2326
3135 2255
3121 2200
3121 2200
3099 2161
3063 2066
2991 1987
2941 1948
2941 1948
2926 2027
2912 2090
2912 2192
2912 2240
2912 2350
2912 2350
2912 2350
2840 2263
2804 2200
2789 2169
2739 2011
2739 1987
2739 1893
2746 1829
2696 1869
2645 1940
2616 2019
2602 2137
2602 2184
2602 2184
2552 2035
2515 1932
2479 1877
2443 1845
2378 1806
2314 1782
2234 1766
2234 1766
2249 1806
2314 1900
2357 2019
2371 2042
2393 2113
2422 2161
2465 2311
2479 2350
2501 2397
2537 2460
2544 2476
2588 2539
2609 2571
2624 2610
2624 2618
2552 2618
2515 2587
2479 2571
2407 2492
2350 2445
2314 2390
2263 2319
2234 2240
2198 2200
2162 2145
2105 2090
2047 2035
1989 1979
1946 1916
1924 1877
1831 1735
1189 1490
1002 1317
908 1269
850 1222
735 1135
677 1088
591 1017
547 993
468 946
309 883
223 843
223 843
829 7572
728 7619
699 7635
598 7698
439 7816
346 7864
302 7864
418 7698
461 7643
569 7438
605 7390
648 7327
475 7453
425 7477
331 7540
223 7635
158 7682
100 7737
281 1112
273 1112
389 1293
418 1333
454 1396
497 1459
583 1569
663 1656
677 1664
648 1664
490 1593
338 1538
237 1490
108 1435
14 1396
922 749
944 757
1066 914
1146 1049
1203 1120
1283 1206
1355 1309
1420 1404
1470 1467
1506 1506
728 670
547 638
410 615
309 591
309 591
583 804
692 859
814 970
901 1056
980 1151
1030 1222
1102 1340
1146 1396
1239 7651
1095 7643
829 7801
720 7872
504 8029
439 8092
324 8195
180 8321
100 8368
122 8258
173 8124
201 8085
216 8006
151 7950
72 7982
36 7998
4945 2894
4945 2879
4938 2602
4930 2476
4909 2382
4894 2279
4880 2145
4880 2145
4851 1971
4851 1916
4830 1829
4815 1711
4794 1569
4779 1514
4757 1427
4743 1372
4707 1198
4693 1143
4649 1033
4621 930
4577 828
4534 773
4491 702
4383 560
4166 299
4166 299
4267 323
4375 354
4462 378
4563 418
4621 441
4678 481
4736 520
4779 544
4830 591
4830 591
4930 654
4938 662
4974 694
5039 757
5111 741
5204 654
5262 615
5320 544
5421 457
5457 370
5500 323
5514 749
5514 749
5478 985
5406 1214
5363 1506
4945 5947
4930 6026
4894 6105
4851 6278
4830 6349
4830 6389
4765 6641
4743 6767
4736 6807
4707 7012
4657 7193
4635 7327
4592 7509
4570 7564
4534 7674
4498 7785
4469 7903
4404 8069
4311 8329
4267 8463
4224 8589
4217 8637
4361 8574
4491 8495
4563 8439
4606 8400
4657 8345
4729 8258
4772 8211
4815 8163
4894 8077
4945 7998
5010 7895
5046 7824
5082 7745
5104 7745
5168 7801
5197 7824
5262 7927
5291 7990
5399 8124
5435 8156
5543 8305
5558 8329
5594 8384
5608 8266
5615 8053
5623 7903
5666 7643
5760 7682
5803 7706
5868 7745
5918 7801
5969 7879
6033 7935
6084 7974
6134 8037
6185 8132
6257 8203
6322 8274
6380 8313
6466 8392
6509 8439
6567 8510
6589 8534
6690 8637
6718 8660
6812 8763
6841 8802
6913 8905
6927 8929
6913 63
6848 181
6783 276
6740 354
6690 520
6632 654
6596 749
6488 899
6459 930
6423 978
6380 1025
6315 1112
6243 1167
6185 1230
6142 1269
6156 1198
6170 1120
6228 914
6250 859
6264 780
6343 552
6372 449
6372 449
6336 489
6300 528
6221 607
6106 709
6062 757
6005 804
5925 891
5817 985
5803 993
5716 1112
5637 1191
5579 1277
5514 1388
5450 1482
5392 1569
5341 3588
5414 3360
5507 3139
5543 3052
5572 2997
5630 2831
5659 2752
5673 2729
5738 2405
5817 2177
5846 2035
5947 1814
5947 2184
5904 2405
5875 2508
5817 2673
5709 2957
5666 3147
5594 3352
5543 3604
5925 3415
6235 3226
6423 3107
6553 3021
6661 2934
6610 3375
6459 3549
6401 3644
6192 3833
6070 3951
5875 4133
5680 4354
5687 4393
5961 4527
6235 4551
6430 4574
6747 4677
6812 4724
6682 4843
6473 4858
6293 4874
6192 4890
6091 4914
6012 4914
5810 4953
5695 5000
5637 5024
5637 5103
5702 5182
5731 5205
5760 5253
5860 5371
6041 5513
6106 5584
6207 5750
6315 6010
6358 6223
6416 6468
6466 6688
6531 7083
6553 7217
6545 7201
6466 7106
6351 7012
6235 6886
6156 6767
6091 6665
5997 6523
5860 6318
5781 6247
5659 6160
5615 6594
5615 6594
5673 6933
5738 7099
5961 7312
6026 7343
6127 7414
6307 7509
6351 7556
6271 7580
6149 7532
6005 7509
5788 7453
5666 7422
5630 7430
5709 7730
2573 3036
2638 2942
2667 2942
2753 2926
2840 2918
2898 2910
2962 2902
3027 2902
3107 2910
3222 2950
3272 2973
3323 3005
3345 3036
3294 3115
3244 3147
3186 3194
3128 3226
3092 3234
2991 3257
2955 3265
2941 3265
2898 3265
2840 3249
2732 3226
2660 3210
2984 3092
2523 5426
2537 5418
2616 5355
2660 5355
2688 5355
2739 5355
2847 5355
2912 5355
3013 5379
3135 5442
3171 5482
3179 5513
3164 5529
3099 5568
3042 5608
2984 5631
2825 5671
2746 5687
2624 5687
2523 5671
2465 5631
2898 5505
4101 6665
3979 6759
3900 6830
3856 6878
3748 7028
3662 7154
3618 7225
3546 7351
3467 7509
3395 7682
3359 7785
3308 7935
3280 8100
3251 8297
3200 8526
3157 8692
3157 8692
3078 8455
3042 8400
2998 8258
2869 8085
2746 7935
2602 7958
2328 8156
2083 8329
1989 8408
1910 8495
1780 8645
1658 8858
4274 2011
4195 1861
4109 1719
4080 1656
4058 1451
4037 1309
4029 1277
4008 1159
3907 1246
3784 1388
3712 1419
3626 1419
3525 1340
3417 1277
3316 1191
3200 1049
3128 930
3056 836
2984 702
2912 567
2840 339
2840 339
2775 615
2768 631
2710 741
2645 749
2458 709
2378 670
2270 615
2133 528
1953 425
1924 347
1867 291
1795 212
1744 157
1023 4417
1023 4417
1088 4354
1102 4338
1139 4322
1225 4267
1283 4227
1362 4188
1427 4148
1506 4093
1557 4046
1585 4022
1650 3991
1694 3959
1730 3936
1773 3904
1823 3872
1874 3817
1903 3794
1953 3794
1953 3794
1982 3817
2025 3857
2090 3896
2155 3928
2220 3967
2278 3999
2328 4022
2371 4046
2422 4062
2465 4078
2515 4085
2580 4109
2638 4125
2696 4141
2746 4156
2782 4172
2833 4188
2955 4227
3035 4251
3114 4283
3208 4314
3308 4338
3337 4346
3258 4377
3179 4417
3114 4448
3013 4503
2876 4543
2753 4606
2624 4669
2515 4724
2422 4772
2278 4866
2083 4992
1946 5087
1874 5134
1787 5071
1744 5040
1694 5000
1622 4953
1528 4906
1427 4858
1326 4795
1239 4740
1146 4677
1095 4606
958 4543
735 4503
800 4464
922 4464
922 4464
1297 4496
1333 4464
1376 4448
1456 4385
1477 4377
1600 4409
1629 4432
1658 4456
1658 4456
1513 4574
1499 4590
1470 4590
1405 4551
1622 4543
1521 4567
3099 4677
2833 4811
2710 4866
2580 4961
2479 5032
2386 5103
2314 5158
2169 5269
1982 5442
1881 5560
1802 5671
1737 5821
1679 5947
1636 6097
1600 6286
1571 6468
1571 6554
1578 6680
1578 1916
1549 2066
1578 2232
1622 2492
1658 2587
1715 2666
1759 2721
1816 2792
1859 2863
1982 2965
2040 3052
2083 3099
2141 3170
2198 3210
2328 3297
2350 3304
2371 3320
2472 3391
2573 3470
2660 3510
2746 3549
2818 3581
2919 3620
3006 3667
3092 3707
3186 3746
3272 3794
3316 3825
3597 3407
3554 3431
3510 3525
3474 3588
3445 3715
3409 5024
3409 5182
3409 5284
3453 5395
3489 5474
3518 5576
3532 5600
3006 4732
3208 4677
3308 4669
3381 4669
3438 4874
3445 5071
3510 5182
3590 5284
3640 5340
3691 5371
3381 3596
3438 3068
3445 3060
3445 3060
3402 3226
3395 3336
3388 3439
1348 3163
1131 2942
1081 2879
973 2800
929 2760
886 2713
800 2634
713 2531
612 2429
511 2358
403 2271
338 2224
209 2113
21 1987
1239 6680
1175 6712
1117 6799
1016 6862
929 6925
829 6980
720 7028
627 7067
511 7075
360 7075
259 7075
158 7059
64 7012
893 5773
886 5773
857 5876
829 5955
785 6034
728 6113
699 6152
641 6231
562 6302
511 6349
410 6420
324 6436
194 6483
122 6499
50 6507
951 5836
1016 5829
1095 5821
1196 5821
1276 5876
1348 5971
1376 6034
1384 6128
1391 6223
1391 6349
1376 6444
1355 6539
1312 6633
1297 6665
1312 3304
1239 3557
1203 3628
1160 3691
1110 3738
1023 3801
1023 3801
994 3794
958 3715
929 3628
879 3533
814 3423
706 3241
619 3131
569 3060
526 3013
490 2981
439 2926
389 2863
324 2808
173 2666
151 2642
3741 2910
3719 2934
3654 2965
3618 2997
3590 3028
3525 3170
3489 3241
3453 3312
3424 3415
3395 3565
1052 4503
1102 4503
1167 4503
1211 4503
1773 4464
1838 4456
1917 4456
1975 4456
2069 4464
2169 4472
2249 4472
2350 4472
2436 4472
2523 4464
2609 4456
2660 4448
2732 4440
2811 4440
