450 600 1150 8000
196 404
196 405
196 406
196 409
196 410
196 411
197 402
197 403
197 404
197 405
197 406
197 407
197 408
197 409
197 410
197 411
197 412
197 413
198 398
198 399
198 400
198 401
198 402
198 414
198 415
198 416
199 394
199 395
199 396
199 397
199 415
199 417
199 418
200 392
200 393
200 394
200 395
200 418
200 419
201 391
201 392
201 393
201 420
202 389
202 390
202 391
202 421
202 422
203 389
203 422
203 423
204 395
204 398
204 424
205 389
205 391
205 392
205 393
205 394
205 395
205 396
205 399
205 425
205 426
206 390
206 392
206 393
206 400
206 401
206 425
206 426
207 401
207 402
207 426
208 403
208 427
208 428
209 404
209 428
210 405
210 428
210 429
211 405
211 429
211 430
212 406
212 407
212 430
213 407
213 408
213 430
213 431
214 408
214 431
215 408
215 409
215 431
215 432
216 410
216 433
217 409
217 410
217 432
217 433
218 411
218 434
219 412
219 413
219 434
219 435
220 412
220 413
220 414
220 435
221 413
221 414
221 436
222 414
222 415
222 436
223 415
223 416
223 437
224 417
224 438
224 439
225 418
225 419
225 439
225 440
225 441
225 442
226 419
226 420
226 421
226 422
226 441
226 442
226 443
226 445
227 421
227 422
227 423
227 444
227 445
227 446
228 424
228 425
228 426
228 445
228 447
228 449
229 427
229 428
229 429
229 448
229 449
229 450
229 451
229 452
230 429
230 430
230 452
230 453
230 454
230 455
230 456
230 457
230 458
230 459
231 428
231 429
231 457
231 459
232 424
232 425
232 426
232 427
232 453
232 454
232 456
232 457
232 458
232 459
233 421
233 422
233 423
233 424
233 425
233 449
233 450
233 451
233 452
233 453
233 458
234 419
234 420
234 421
234 422
234 444
234 445
234 446
234 447
234 448
234 449
234 450
234 451
235 417
235 418
235 419
235 420
235 442
235 443
235 444
236 415
236 416
236 440
236 442
237 413
237 414
237 438
237 440
238 411
238 412
238 436
238 437
238 438
239 409
239 410
239 434
239 435
239 436
239 457
239 458
239 459
239 460
239 461
239 463
240 408
240 409
240 410
240 433
240 434
240 435
240 450
240 451
240 452
240 453
240 454
240 457
240 458
240 459
240 460
240 462
240 463
240 464
240 465
240 466
240 467
240 468
241 407
241 408
241 409
241 433
241 448
241 449
241 450
241 451
241 452
241 467
241 468
241 469
242 407
242 432
242 446
242 447
242 448
242 470
242 471
242 472
243 406
243 431
243 445
243 446
243 473
243 474
243 475
244 405
244 430
244 431
244 444
244 474
244 475
244 476
245 404
245 405
245 429
245 430
245 442
245 444
245 477
246 403
246 404
246 429
246 441
246 442
246 478
246 479
247 403
247 428
247 441
247 479
247 480
248 375
248 378
248 380
248 402
248 427
248 439
248 440
248 470
248 471
248 472
248 473
248 475
248 481
249 373
249 374
249 375
249 376
249 377
249 379
249 380
249 381
249 382
249 383
249 401
249 426
249 427
249 438
249 439
249 464
249 465
249 466
249 467
249 471
249 472
249 474
249 475
249 476
249 478
249 482
249 483
250 371
250 372
250 373
250 382
250 383
250 384
250 400
250 401
250 426
250 437
250 439
250 464
250 465
250 477
250 478
250 479
250 483
250 484
251 371
251 385
251 387
251 400
251 425
251 436
251 461
251 462
251 463
251 480
251 484
252 371
252 372
252 386
252 387
252 388
252 399
252 424
252 435
252 436
252 461
252 481
252 482
252 483
252 484
253 372
253 373
253 387
253 389
253 390
253 398
253 423
253 424
253 435
253 460
253 482
253 483
253 484
254 374
254 390
254 391
254 397
254 398
254 423
254 434
254 458
254 459
255 375
255 376
255 391
255 392
255 397
255 422
255 433
255 457
255 458
255 459
256 376
256 393
256 395
256 396
256 421
256 432
256 433
256 456
256 457
256 458
257 376
257 377
257 394
257 420
257 421
257 432
257 456
258 377
258 378
258 419
258 420
258 431
258 455
259 379
259 419
259 430
259 454
260 380
260 418
260 429
260 430
260 453
260 454
261 380
261 417
261 429
261 430
261 453
262 381
262 382
262 416
262 417
262 428
262 429
262 452
263 382
263 416
263 428
263 429
263 451
264 382
264 415
264 427
264 428
264 450
264 451
265 383
265 414
265 415
265 416
265 427
265 449
265 450
265 451
266 383
266 415
266 426
266 449
266 450
267 382
267 383
267 414
267 425
267 449
268 383
268 413
268 424
268 425
268 448
268 449
269 383
269 384
269 412
269 413
269 424
269 448
270 383
270 384
270 412
270 423
270 447
271 364
271 365
271 367
271 369
271 383
271 411
271 422
271 446
272 363
272 364
272 365
272 366
272 369
272 370
272 371
272 372
272 383
272 384
272 410
272 422
272 445
272 446
273 363
273 372
273 373
273 383
273 409
273 410
273 411
273 445
274 364
274 374
274 383
274 408
274 409
274 410
274 421
274 444
275 365
275 375
275 382
275 383
275 409
275 420
275 421
276 365
276 376
276 377
276 383
276 408
276 420
276 443
276 444
277 366
277 367
277 377
277 378
277 382
277 407
277 408
277 419
277 443
278 366
278 379
278 381
278 382
278 407
278 418
278 442
279 367
279 368
279 379
279 380
279 381
279 406
279 417
279 441
280 368
280 369
280 405
280 416
280 417
280 440
280 441
281 368
281 404
281 405
281 416
281 440
282 369
282 370
282 404
282 415
282 439
283 369
283 403
283 414
283 438
284 370
284 371
284 402
284 413
284 414
285 370
285 401
285 413
285 438
286 370
286 400
286 401
286 412
286 437
287 371
287 400
287 411
287 436
287 437
288 370
288 399
288 410
288 411
288 436
289 370
289 371
289 398
289 410
289 435
290 370
290 397
290 398
290 409
290 434
291 370
291 397
291 408
291 433
292 369
292 370
292 396
292 407
292 432
292 433
293 370
293 394
293 395
293 406
293 407
293 432
294 369
294 393
294 404
294 405
294 406
294 431
295 368
295 369
295 392
295 393
295 404
295 429
295 430
296 369
296 390
296 391
296 392
296 403
296 428
297 368
297 388
297 389
297 390
297 402
297 427
297 428
298 367
298 387
298 388
298 389
298 401
298 402
298 427
299 366
299 367
299 385
299 387
299 399
299 400
299 401
299 426
300 364
300 365
300 366
300 383
300 385
300 399
300 400
300 424
300 425
301 364
301 381
301 383
301 384
301 398
301 423
301 425
302 362
302 363
302 379
302 381
302 382
302 396
302 397
302 422
303 360
303 361
303 379
303 380
303 395
303 396
303 420
303 421
303 422
304 358
304 359
304 376
304 377
304 378
304 393
304 394
304 419
304 420
304 421
305 356
305 357
305 374
305 375
305 376
305 391
305 392
305 394
305 417
305 418
305 419
306 354
306 355
306 372
306 373
306 374
306 389
306 390
306 392
306 417
306 418
307 349
307 350
307 351
307 352
307 353
307 370
307 371
307 372
307 387
307 388
307 390
307 415
307 416
308 343
308 344
308 345
308 346
308 347
308 348
308 350
308 367
308 368
308 369
308 370
308 385
308 386
308 388
308 414
309 325
309 326
309 327
309 328
309 329
309 331
309 332
309 333
309 334
309 336
309 337
309 338
309 339
309 340
309 341
309 342
309 343
309 344
309 345
309 348
309 365
309 366
309 367
309 368
309 381
309 382
309 383
309 386
309 412
310 324
310 327
310 328
310 330
310 332
310 333
310 337
310 338
310 364
310 365
310 366
310 377
310 378
310 379
310 380
310 381
310 408
310 409
310 410
311 323
311 324
311 363
311 364
311 375
311 376
311 377
311 378
311 379
311 404
311 405
311 406
311 407
311 408
312 325
312 327
312 362
312 363
312 368
312 369
312 370
312 371
312 372
312 373
312 399
312 401
312 402
312 403
312 405
312 406
313 326
313 327
313 328
313 329
313 330
313 331
313 333
313 335
313 362
313 363
313 364
313 365
313 366
313 367
313 368
313 369
313 370
313 392
313 394
313 395
313 396
313 397
313 398
313 399
313 400
313 401
314 330
314 332
314 334
314 335
314 336
314 337
314 338
314 389
314 390
314 391
314 392
314 393
314 394
314 396
315 337
315 338
315 339
315 340
315 341
315 342
315 344
315 382
315 383
315 384
315 385
315 386
315 387
316 341
316 343
316 344
316 345
316 346
316 347
316 379
316 380
316 381
316 382
316 383
316 384
317 347
317 348
317 349
317 350
317 351
317 377
317 378
318 350
318 351
318 352
318 353
318 377
319 353
319 354
319 355
319 356
319 378
319 379
319 380
320 356
320 357
320 381
320 382
320 383
320 384
320 385
321 358
321 384
321 385
321 386
321 387
321 388
322 359
322 360
322 361
322 387
322 388
322 389
323 362
323 390
323 392
324 363
324 364
324 391
324 392
324 393
325 364
325 365
325 394
325 395
326 366
326 395
326 396
327 367
327 368
327 396
327 397
328 368
328 369
328 398
329 370
329 399
329 400
330 371
330 400
330 401
331 372
331 373
331 402
332 373
332 374
332 403
332 404
333 375
333 404
333 405
334 376
334 377
334 405
335 377
335 378
335 405
335 406
336 379
336 407
337 380
337 381
337 408
338 381
338 382
338 407
338 408
339 383
339 409
340 383
340 409
340 410
341 384
341 410
342 385
342 411
342 412
343 386
343 411
344 386
344 412
344 413
345 387
345 388
345 412
346 387
346 413
346 414
347 388
347 389
347 413
348 389
348 390
348 414
348 415
349 389
349 390
350 390
350 391
350 415
350 416
351 390
351 391
352 391
352 392
352 416
353 392
353 417
354 392
354 393
354 417
356 393
356 394
356 418
357 393
357 418
358 394
358 395
358 419
359 394
359 419
359 424
359 425
359 426
360 394
360 420
360 422
360 423
360 425
360 426
360 427
361 395
361 421
361 427
361 428
362 395
362 427
362 428
363 395
363 396
363 423
363 427
364 395
364 396
364 416
364 417
364 419
364 420
364 421
364 422
364 423
364 424
364 425
364 426
365 396
365 397
365 409
365 410
365 412
365 413
365 414
365 415
365 416
365 417
365 418
365 421
365 426
366 396
366 397
366 407
366 408
366 409
366 410
366 411
366 414
367 398
367 400
367 401
367 403
367 404
367 407
368 399
