200 360 1050 720
27 214
27 215
27 216
27 217
27 218
27 219
27 220
27 221
27 222
27 223
27 224
27 225
27 226
27 227
27 228
27 229
27 230
27 231
27 232
27 233
27 234
27 235
27 236
27 237
27 238
27 239
27 240
27 241
27 242
27 243
27 244
27 245
27 246
27 247
27 248
27 249
27 250
27 251
27 252
27 253
27 254
27 255
27 256
27 257
27 258
27 259
27 260
27 261
27 262
27 263
27 264
27 265
27 266
27 267
27 268
27 269
27 270
27 271
27 272
27 273
27 274
27 275
27 276
27 277
27 278
27 279
27 280
27 281
27 282
27 283
28 214
28 215
28 216
28 217
28 218
28 219
28 220
28 221
28 222
28 223
28 224
28 225
28 226
28 227
28 228
28 229
28 230
28 231
28 232
28 233
28 234
28 235
28 236
28 237
28 238
28 239
28 240
28 241
28 242
28 243
28 244
28 245
28 246
28 247
28 248
28 249
28 250
28 251
28 252
28 253
28 254
28 255
28 256
28 257
28 258
28 259
28 260
28 261
28 262
28 263
28 264
28 265
28 266
28 267
28 268
28 269
28 270
28 271
28 272
28 273
28 274
28 275
28 276
28 277
28 278
28 279
28 280
28 281
28 282
28 283
29 214
29 215
29 216
29 217
29 218
29 219
29 220
29 221
29 222
29 223
29 224
29 225
29 226
29 227
29 228
29 229
29 230
29 231
29 232
29 233
29 234
29 235
29 236
29 237
29 238
29 239
29 240
29 241
29 242
29 243
29 244
29 245
29 246
29 247
29 248
29 249
29 250
29 251
29 252
29 253
29 254
29 255
29 256
29 257
29 258
29 259
29 260
29 261
29 262
29 263
29 264
29 265
29 266
29 267
29 268
29 269
29 270
29 271
29 272
29 273
29 274
29 275
29 276
29 277
29 278
29 279
29 280
29 281
29 282
29 283
30 214
30 215
30 216
30 217
30 218
30 219
30 220
30 221
30 222
30 223
30 224
30 225
30 226
30 227
30 228
30 229
30 230
30 231
30 232
30 233
30 234
30 235
30 236
30 237
30 238
30 239
30 240
30 241
30 242
30 243
30 244
30 245
30 246
30 247
30 248
30 249
30 250
30 251
30 252
30 253
30 254
30 255
30 256
30 257
30 258
30 259
30 260
30 261
30 262
30 263
30 264
30 265
30 266
30 267
30 268
30 269
30 270
30 271
30 272
30 273
30 274
30 275
30 276
30 277
30 278
30 279
30 280
30 281
30 282
30 283
31 214
31 215
31 216
31 217
31 218
31 219
31 220
31 221
31 222
31 223
31 224
31 225
31 226
31 227
31 228
31 229
31 230
31 231
31 232
31 233
31 234
31 235
31 236
31 237
31 238
31 239
31 240
31 241
31 242
31 243
31 244
31 245
31 246
31 247
31 248
31 249
31 250
31 251
31 252
31 253
31 254
31 255
31 256
31 257
31 258
31 259
31 260
31 261
31 262
31 263
31 264
31 265
31 266
31 267
31 268
31 269
31 270
31 271
31 272
31 273
31 274
31 275
31 276
31 277
31 278
31 279
31 280
31 281
31 282
31 283
32 214
32 215
32 216
32 217
32 218
32 219
32 220
32 221
32 222
32 223
32 224
32 225
32 226
32 227
32 228
32 229
32 230
32 231
32 232
32 233
32 234
32 235
32 236
32 237
32 238
32 239
32 240
32 241
32 242
32 243
32 244
32 245
32 246
32 247
32 248
32 249
32 250
32 251
32 252
32 253
32 254
32 255
32 256
32 257
32 258
32 259
32 260
32 261
32 262
32 263
32 264
32 265
32 266
32 267
32 268
32 269
32 270
32 271
32 272
32 273
32 274
32 275
32 276
32 277
32 278
32 279
32 280
32 281
32 282
32 283
33 214
33 215
33 216
33 217
33 218
33 219
33 220
33 221
33 222
33 223
33 224
33 225
33 226
33 227
33 228
33 229
33 230
33 231
33 232
33 233
33 234
33 235
33 236
33 237
33 238
33 239
33 240
33 241
33 242
33 243
33 244
33 245
33 246
33 247
33 248
33 249
33 250
33 251
33 252
33 253
33 254
33 255
33 256
33 257
33 258
33 259
33 260
33 261
33 262
33 263
33 264
33 265
33 266
33 267
33 268
33 269
33 270
33 271
33 272
33 273
33 274
33 275
33 276
33 277
33 278
33 279
33 280
33 281
33 282
33 283
34 214
34 215
34 216
34 217
34 218
34 219
34 220
34 221
34 222
34 223
34 224
34 225
34 226
34 227
34 228
34 229
34 230
34 231
34 232
34 233
34 234
34 235
34 236
34 237
34 238
34 239
34 240
34 241
34 242
34 243
34 244
34 245
34 246
34 247
34 248
34 249
34 250
34 251
34 252
34 253
34 254
34 255
34 256
34 257
34 258
34 259
34 260
34 261
34 262
34 263
34 264
34 265
34 266
34 267
34 268
34 269
34 270
34 271
34 272
34 273
34 274
34 275
34 276
34 277
34 278
34 279
34 280
34 281
34 282
34 283
35 214
35 215
35 216
35 217
35 218
35 219
35 220
35 221
35 222
35 223
35 224
35 225
35 226
35 227
35 228
35 229
35 230
35 231
35 232
35 233
35 234
35 235
35 236
35 237
35 238
35 239
35 240
35 241
35 242
35 243
35 244
35 245
35 246
35 247
35 248
35 249
35 250
35 251
35 252
35 253
35 254
35 255
35 256
35 257
35 258
35 259
35 260
35 261
35 262
35 263
35 264
35 265
35 266
35 267
35 268
35 269
35 270
35 271
35 272
35 273
35 274
35 275
35 276
35 277
35 278
35 279
35 280
35 281
35 282
35 283
36 214
36 215
36 216
36 217
36 218
36 219
36 220
36 221
36 222
36 223
36 224
36 225
36 226
36 227
36 228
36 229
36 230
36 231
36 232
36 233
36 234
36 235
36 236
36 237
36 238
36 239
36 240
36 241
36 242
36 243
36 244
36 245
36 246
36 247
36 248
36 249
36 250
36 251
36 252
36 253
36 254
36 255
36 256
36 257
36 258
36 259
36 260
36 261
36 262
36 263
36 264
36 265
36 266
36 267
36 268
36 269
36 270
36 271
36 272
36 273
36 274
36 275
36 276
36 277
36 278
36 279
36 280
36 281
36 282
36 283
37 214
37 215
37 216
37 217
37 218
37 219
37 220
37 221
37 222
37 223
37 224
37 225
37 226
37 227
37 228
37 229
37 230
37 231
37 232
37 233
37 234
37 235
37 236
37 237
37 238
37 239
37 240
37 241
37 242
37 243
37 244
37 245
37 246
37 247
37 248
37 249
37 250
37 251
37 252
37 253
37 254
37 255
37 256
37 257
37 258
37 259
37 260
37 261
37 262
37 263
37 264
37 265
37 266
37 267
37 268
37 269
37 270
37 271
37 272
37 273
37 274
37 275
37 276
37 277
37 278
37 279
37 280
37 281
37 282
37 283
38 214
38 215
38 216
38 217
38 218
38 219
38 220
38 221
38 222
38 223
38 224
38 225
38 226
38 227
38 228
38 229
38 230
38 231
38 232
38 233
38 234
38 235
38 236
38 237
38 238
38 239
38 240
38 241
38 242
38 243
38 244
38 245
38 246
38 247
38 248
38 249
38 250
38 251
38 252
38 253
38 254
38 255
38 256
38 257
38 258
38 259
38 260
38 261
38 262
38 263
38 264
38 265
38 266
38 267
38 268
38 269
38 270
38 271
38 272
38 273
38 274
38 275
38 276
38 277
38 278
38 279
38 280
38 281
38 282
38 283
39 214
39 215
39 216
39 217
39 218
39 219
39 220
39 221
39 222
39 223
39 224
39 225
39 226
39 227
39 228
39 229
39 230
39 231
39 232
39 233
39 234
39 235
39 236
39 237
39 238
39 239
39 240
39 241
39 242
39 243
39 244
39 245
39 246
39 247
39 248
39 249
39 250
39 251
39 252
39 253
39 254
39 255
39 256
39 257
39 258
39 259
39 260
39 261
39 262
39 263
39 264
39 265
39 266
39 267
39 268
39 269
39 270
39 271
39 272
39 273
39 274
39 275
39 276
39 277
39 278
39 279
39 280
39 281
39 282
39 283
40 214
40 215
40 216
40 217
40 218
40 219
40 220
40 221
40 222
40 223
40 224
40 225
40 226
40 227
40 228
40 229
40 230
40 231
40 232
40 233
40 234
40 235
40 236
40 237
40 238
40 239
40 240
40 241
40 242
40 243
40 244
40 245
40 246
40 247
40 248
40 249
40 250
40 251
40 252
40 253
40 254
40 255
40 256
40 257
40 258
40 259
40 260
40 261
40 262
40 263
40 264
40 265
40 266
40 267
40 268
40 269
40 270
40 271
40 272
40 273
40 274
40 275
40 276
40 277
40 278
40 279
40 280
40 281
40 282
40 283
41 214
41 215
41 216
41 217
41 218
41 219
41 220
41 221
41 222
41 223
41 224
41 225
41 226
41 227
41 228
41 229
41 230
41 231
41 232
41 233
41 234
41 235
41 236
41 237
41 238
41 239
41 240
41 241
41 242
41 243
41 244
41 245
41 246
41 247
41 248
41 249
41 250
41 251
41 252
41 253
41 254
41 255
41 256
41 257
41 258
41 259
41 260
41 261
41 262
41 263
41 264
41 265
41 266
41 267
41 268
41 269
41 270
41 271
41 272
41 273
41 274
41 275
41 276
41 277
41 278
41 279
41 280
41 281
41 282
41 283
