10000 10000 1250 17700
2012 4902
2012 4902
2012 5021
2022 5097
2033 5195
2033 5304
2063 5445
2084 5532
2105 5597
2105 5597
2146 5728
2156 5847
2177 5945
2229 6054
2280 6163
2352 6282
2435 6402
2497 6456
2538 6521
2590 6586
2672 6652
2755 6728
2827 6793
2910 6869
3003 6923
3106 6978
3219 7043
3302 7086
3302 7086
3261 7097
3178 7130
3095 7141
2982 7163
2899 7184
2837 7195
2745 7217
2641 7217
2518 7239
2414 7260
2311 7282
2208 7293
2033 7336
1981 7347
1888 7358
1816 7369
1723 7380
1609 7402
1517 7423
1444 7445
1403 7456
1320 7478
1217 7500
1093 7521
959 7554
835 7597
712 7619
670 7630
691 7684
743 7717
794 7750
846 7782
918 7836
970 7891
1104 7989
1186 8054
1248 8108
1310 8152
1310 8152
1403 8152
1537 8152
1599 8152
1702 8152
1805 8152
1919 8141
2002 8141
2105 8141
2321 8130
2394 8130
2518 8097
2621 8076
2703 8065
2837 8043
2941 8021
3065 7989
3157 7956
3261 7934
3374 7913
3581 7902
3673 7891
3766 7869
3911 7826
4035 7815
4097 7793
4127 7793
4169 7782
4169 7782
4117 7880
4107 7891
4107 7913
4272 7869
4355 7858
4334 7869
4406 7869
4509 7869
4602 7902
4705 7945
4778 7967
5005 7978
5077 7978
5252 7934
5325 7902
5500 7815
5562 7804
5603 7804
5624 7793
5624 7793
5624 7793
5655 7771
5717 7760
5810 7739
5954 7706
6068 7684
6130 7684
6212 7684
6336 7673
6429 7663
6501 7663
6573 7663
6666 7663
6738 7663
6831 7663
6924 7663
7100 7630
7172 7619
7244 7597
7316 7586
7409 7554
7502 7532
7564 7521
7616 7510
7678 7489
7708 7489
7781 7467
7843 7456
7925 7434
7966 7423
8018 7402
8080 7369
8132 7358
8152 7347
8224 7336
8255 7336
8328 7282
8379 7271
8452 7195
8524 7119
8606 7043
8679 6978
8710 6956
8771 6902
8844 6847
8885 6793
8926 6739
8957 6695
8988 6652
9019 6597
9050 6554
9081 6510
9122 6434
9164 6380
9215 6293
9256 6195
9318 6065
9349 5989
9380 5923
9432 5826
9545 5619
9587 5576
9628 5521
9700 5423
9742 5347
9803 5206
9814 5206
9814 5206
5335 7913
5356 7869
5438 7750
5490 7652
5521 7608
5541 7532
5572 7456
5583 7413
5603 7347
5624 7271
5655 7173
5686 7065
5706 7000
5717 6956
5737 6869
5758 6804
5779 6717
5779 6663
5799 6565
5820 6500
5851 6434
5851 6402
5872 6336
5913 6163
5954 5956
5964 5923
5985 5728
6006 5630
6016 5521
6026 5206
6037 5130
6037 5260
5995 5630
5995 5739
4809 5108
4809 5108
4809 5315
4809 5445
4809 5543
4788 5630
4757 5739
4726 5880
4705 5967
4695 6065
4685 6152
4674 6239
4674 6293
4664 6456
4623 6597
4602 6695
4582 6782
4561 6891
4530 7010
4509 7076
4468 7184
4427 7271
4396 7358
4344 7467
4324 7543
4282 7663
4231 7782
4551 7891
4540 7847
4540 7804
4540 7760
4613 7608
4613 7608
4664 7554
4716 7478
4798 7445
4901 7413
4994 7391
5077 7380
5159 7391
5221 7402
5304 7423
5356 7478
5376 7554
5376 7630
4819 7793
4809 7793
4912 7695
4974 7695
5036 7706
5098 7717
5139 7750
5139 7793
5067 7858
4974 7891
4901 7913
4850 7891
6006 5847
6026 5847
6057 5869
6119 5923
6150 5934
6202 5967
6295 6021
6357 6043
6429 6076
6480 6097
6532 6130
6584 6152
6646 6184
6635 6228
6615 6293
6594 6380
6573 6456
6563 6510
6501 6619
6470 6695
6429 6782
6346 6880
6284 6956
6212 7065
6150 7152
6119 7206
6037 7250
5944 7304
5861 7326
5748 7369
5634 7391
5913 6043
5964 6086
6026 6152
6181 6271
6181 6271
6109 6250
6130 6250
6160 6304
6202 6380
6212 6597
6212 6684
6191 6782
6150 6869
6088 6967
6057 7010
6016 7054
5944 7108
5851 7152
5737 7184
5923 6423
5923 6423
5985 6478
5995 6510
6006 6554
6016 6619
6016 6663
6016 6706
5995 6771
5964 6826
5944 6858
5933 6891
5872 6967
5779 7000
5779 7000
5861 6750
5861 6750
5861 6728
7595 5195
7564 5271
7533 5369
7440 5554
7430 5586
7409 5663
7368 5793
7347 5858
7316 5923
7285 6000
7234 6086
7203 6141
7162 6206
7100 6326
7069 6369
7027 6445
6986 6500
6986 6500
6986 6500
7038 6565
7038 6565
7131 6641
7141 6652
7089 6717
7038 6804
6996 6880
6965 6945
6934 7021
6883 7097
6852 7173
6800 7228
6759 7282
6687 7326
6615 7391
6573 7423
6573 7423
6718 7521
6718 7521
6749 7565
6749 7576
6656 7652
7936 5250
7894 5326
7853 5413
7812 5532
7750 5695
7708 5815
7667 5945
7626 6043
7564 6206
7533 6260
7481 6347
7440 6402
7399 6467
7378 6510
7389 6543
7420 6565
7512 6597
7595 6619
7647 6641
7657 6641
7657 6641
7667 6663
7616 6782
7574 6858
7533 6934
7461 7043
7378 7141
7327 7206
7254 7293
7182 7369
7172 7369
7275 7380
7358 7402
7358 7402
7420 7402
7450 7478
7389 7554
7347 7630
7956 5489
7946 5510
8018 5543
8059 5597
8059 5739
7987 5934
7946 6065
7915 6119
7843 6250
7781 6347
7729 6434
7698 6510
8926 5010
8885 5097
8782 5282
8658 5543
8586 5695
8544 5760
8472 5891
8431 5967
8390 6043
8338 6108
8297 6184
8245 6260
8204 6326
8173 6347
8121 6423
8121 6445
8204 6478
8307 6510
8359 6521
8359 6554
8286 6673
8255 6717
8214 6804
8183 6858
8132 6923
8080 6989
8039 7043
8008 7097
7966 7130
8132 7152
8163 7152
8204 7163
8204 7250
8132 7369
8926 5260
9029 5293
9040 5434
8998 5543
8937 5652
8906 5717
8833 5858
8792 5923
8740 5989
8689 6065
8596 6173
8544 6228
8462 6315
8441 6347
8400 6391
3364 7152
3364 7152
3457 7141
3653 7086
3684 7086
3777 7076
3839 7065
3839 7065
3808 6945
3715 6880
3673 6858
3632 6826
3684 6760
3787 6684
3849 6652
3942 6576
4055 6478
4138 6380
4138 6380
4066 6315
3983 6228
3900 6152
3839 6054
3766 5923
3725 5782
3673 5663
3632 5554
3581 5413
3519 5206
3508 5184
3477 5054
4200 7880
4189 7880
4179 8173
4179 8315
4200 8489
4200 8500
4200 8532
4220 8619
4241 8760
4262 8880
4282 8967
4313 9076
4344 9163
4375 9282
4406 9369
4468 9478
4540 9586
4623 9706
4674 9771
4705 9804
4788 9847
4943 9880
4974 9880
5036 9869
5108 9836
5159 9815
5232 9771
5294 9728
5345 9663
5397 9597
5438 9532
5469 9489
5541 9391
5593 9271
5614 9239
5686 9065
5717 8967
5737 8913
5737 8913
5789 8891
5872 8891
5933 8891
6057 8891
6130 8880
6233 8869
6377 8836
6491 8826
6563 8804
6625 8793
6749 8771
6811 8771
6883 8760
6965 8739
7017 8728
7079 8728
7213 8684
7285 8673
7368 8663
7461 8652
7533 8641
7595 8619
7678 8608
7739 8597
7801 8586
8018 8554
8090 8554
8194 8532
8286 8521
8348 8510
8421 8489
8482 8478
8534 8467
8586 8456
8637 8434
8730 8413
8802 8391
8875 8369
9040 8336
9122 8315
9184 8293
9256 8260
9277 8260
9287 8282
9256 8347
9205 8467
9174 8554
9215 8565
9277 8565
9380 8565
9484 8565
9566 8543
9638 8456
9690 8391
9793 8260
9834 8206
9855 8184
6057 8989
6057 9086
5985 9369
5954 9467
5913 9543
5841 9760
5789 9847
5727 9967
7110 8934
7089 8978
7058 9054
7007 9184
6965 9326
6955 9369
6904 9478
6873 9554
6831 9630
6811 9684
6759 9782
6707 9869
6842 9402
6780 9402
6697 9434
6625 9456
6532 9467
6398 9467
6284 9478
6202 9478
6047 9489
5861 9358
5851 9347
5851 9250
5851 9119
5861 9054
5861 8967
5861 8858
5872 8717
5923 8380
5954 8271
5954 8271
6026 8141
6171 8119
6305 8097
6522 8065
6604 8065
6687 8054
6945 8010
6996 8010
7079 8010
7141 8010
7275 8065
7285 8119
7254 8315
7234 8423
7213 8543
7203 8673
7192 8782
7182 8869
7120 9054
6604 8152
6584 8184
6584 8347
6594 8467
6594 8619
6594 8739
6573 8880
6563 8945
6553 9021
6522 9141
6501 9228
6480 9315
6449 9391
6449 9456
7564 9902
7564 9836
7574 9804
7616 9695
7636 9630
7636 9608
7636 9597
7678 9532
7698 9456
7719 9380
7750 9293
7770 9228
7791 9130
7812 9043
7843 8934
7853 8771
7853 8760
7884 8510
7884 8478
7884 8369
7894 8184
7894 8184
7915 8097
7915 8065
7977 7934
8049 7869
8080 7869
8214 7869
8421 7869
8740 7826
8875 7826
8988 7836
9029 7978
9040 8217
9040 8326
8998 8630
8957 8771
8947 8869
8916 8967
8895 9065
8854 9195
8802 9304
8751 9489
8710 9608
8679 9739
8648 9869
8555 8010
8544 8173
8534 8358
8513 8456
8513 8510
8493 8619
8452 8815
8452 8891
8421 8967
7863 8945
7863 8956
8008 8989
8080 8989
8204 8989
8235 8989
8359 8989
8472 8989
8668 8978
8782 8967
8854 8967
2022 4717
2033 4728
2033 4565
2033 4500
2033 4423
2053 4304
2074 4173
2105 4054
2136 3956
2156 3847
2167 3728
2208 3608
2239 3510
2270 3456
2321 3326
2373 3228
2404 3130
2445 3054
2487 2956
2538 2826
2600 2728
2817 2434
2868 2402
2910 2369
3034 2293
3126 2239
3271 2152
3364 2108
3467 2065
3591 2010
3735 1956
3777 1945
3839 1902
3900 1869
4004 1826
4107 1804
4200 1771
4293 1750
4375 1728
4437 1717
4540 1717
4643 1717
4747 1717
4819 1706
4912 1706
5098 1695
5170 1695
5263 1706
5356 1728
5438 1728
5510 1728
5727 1695
5779 1695
5841 1706
5892 1717
6078 1771
6140 1793
6222 1804
6305 1836
6388 1847
6460 1880
6532 1913
6604 1967
6646 2010
6707 2054
6749 2108
6769 2119
6831 2173
6914 2260
6945 2304
6976 2380
7007 2467
7017 2532
7038 2543
7172 2586
7244 2619
7306 2641
7378 2673
7512 2739
7543 2750
7647 2782
7729 2815
7801 2869
7843 2891
7936 2945
8028 3000
8132 3065
8204 3097
8266 3141
8462 3282
8524 3347
8575 3423
8637 3500
8710 3597
8782 3728
8833 3804
8885 3923
8947 4043
9009 4271
9040 4347
9091 4510
9122 4630
9133 4695
9174 4847
9195 4934
9205 5021
6986 2565
6904 2554
6821 2554
6738 2554
6646 2554
6501 2554
6429 2521
6346 2489
6171 2434
6078 2402
5995 2380
5913 2358
5820 2326
5706 2260
5614 2206
5521 2119
5459 2054
5428 1945
5428 1923
5438 1891
5479 1847
5541 1793
6449 2554
6553 2608
6635 2652
6759 2706
6873 2782
6976 2858
7038 2902
7058 2934
6976 2923
6842 2858
6594 2739
6522 2717
6398 2717
6480 2847
6532 2923
6584 3043
6615 3152
6615 3152
6573 3152
6346 2923
6222 2836
6130 2771
6016 2728
5954 2728
6078 2978
6088 3043
5933 2880
5820 2804
5748 2760
5603 2717
5459 2695
5356 2695
5356 2695
5490 2923
5541 2989
5583 3043
5644 3173
5675 3239
5748 3402
5779 3434
5820 3576
5851 3663
5882 3815
5913 3858
5944 3967
5985 4130
5995 4195
6026 4304
6026 4358
6026 4358
6006 4347
5933 4271
5902 4239
5861 4195
5789 4097
5758 4021
5727 3989
5706 4108
5789 4326
5820 4391
5841 4467
5861 4521
5882 4608
5892 4663
5913 4750
5923 4847
5944 5000
5944 5065
5872 3597
5841 3576
5841 3543
5830 3369
5830 3369
5841 3206
5841 3206
5841 3206
5964 3228
6006 3282
6037 3326
6088 3380
6099 3391
6140 3434
6160 3456
6222 3565
6243 3597
6264 3652
6274 3695
6284 3771
6305 3869
6305 3967
6305 4032
6305 4086
6315 4152
6295 4260
6274 4315
6253 4391
6212 4478
6171 4532
6119 4608
6099 4630
6047 4684
6016 4717
5882 3597
5892 3586
5964 3630
6006 3673
6047 3706
6047 3706
6078 3771
6099 3815
6099 3891
6109 3945
6119 4076
6119 4097
6119 4173
6109 4260
6016 3923
6006 3923
6006 3923
7657 4760
7657 4760
7657 4804
7657 4804
7657 4880
7667 4923
7688 4978
7708 5032
7729 5065
7729 5065
8359 4304
8359 4304
8359 4369
8359 4402
8359 4500
8379 4565
8390 4619
8410 4673
8431 4728
8441 4815
8452 4880
8452 4934
8452 4989
8462 5054
8462 5054
8586 4597
8586 4630
8596 4695
8617 4760
8637 4858
8648 4967
8668 5032
8668 5130
3869 3250
3890 3260
4055 3402
4158 3500
4231 3597
4334 3750
4447 3891
4551 4043
4592 4119
4664 4250
4778 4456
4891 4619
5025 4902
5025 4913
5025 4782
5025 4630
5025 4532
5005 4402
4932 4206
4912 4119
4871 3956
4871 3956
4963 4021
5098 4130
5180 4239
5252 4336
5407 4489
5500 4554
5572 4597
5572 4608
5562 4413
5490 4163
5438 4000
5376 3847
5242 3619
5077 3434
4891 3130
4850 3097
4736 2913
4778 2913
5025 3097
5201 3282
5294 3380
5386 3478
5469 3576
5572 3728
5644 3815
5686 3913
6687 2434
6615 2358
6553 2326
6470 2304
6357 2250
6222 2184
6026 2086
5913 2076
5861 2108
5861 2141
6109 2065
6264 2163
6470 2217
6243 1989
6171 1989
6099 1967
6429 2130
6522 2217
6646 2413
4499 2054
4551 2032
4860 2065
5056 2141
5159 2206
5252 2271
5376 2358
5500 2445
5583 2510
5655 2597
5717 2663
4613 2423
4685 2423
4901 2489
5056 2565
5170 2652
5232 2760
3353 2554
3498 2391
3498 2391
3642 2380
3766 2402
3828 2423
3921 2434
4055 2467
4189 2489
4324 2543
4499 2619
4623 2673
4778 2760
4912 2836
5077 2945
5242 3065
5376 3217
3611 3706
3797 3913
3828 3934
3911 4086
3962 4152
4169 4391
4231 4445
4324 4576
4447 4804
4726 5054
7337 2684
7409 2630
7409 2630
7430 2619
7512 2565
7523 2565
7574 2532
7636 2500
7698 2478
7781 2434
7812 2413
7853 2413
7987 2423
8090 2489
8163 2521
8369 2543
8431 2554
8524 2565
8627 2565
8771 2576
8906 2597
8998 2608
9081 2619
9246 2641
9329 2663
9432 2684
9473 2695
9473 2695
9349 2739
9215 2760
9133 2782
9071 2793
8998 2793
8937 2793
8844 2793
8730 2804
8565 2782
8410 2760
8328 2760
8224 2760
8173 2760
8204 2815
8255 2880
8379 3010
8421 3043
8493 3086
8637 3206
8720 3271
8833 3347
8947 3423
9050 3489
9153 3554
9246 3619
9308 3663
9514 3771
9607 3847
9700 3913
9783 3967
9803 3989
6904 2206
6893 2206
6945 2130
6976 2097
7007 2065
7079 2010
7120 1978
7162 1934
7337 1728
7358 1695
7409 1652
7543 1543
7605 1500
7616 1489
7657 1467
7678 1445
7708 1423
7729 1402
7760 1391
7822 1391
7915 1434
8008 1478
8070 1489
8142 1532
8266 1576
8369 1619
8503 1663
8627 1717
8679 1739
8710 1750
8761 1771
8895 1847
8895 1847
8998 1891
9102 1945
9153 1967
9318 2000
9370 2010
9442 2043
9504 2065
9597 2097
8111 1521
8090 1467
8090 1369
8152 1239
8194 1141
8214 1108
8224 1054
8255 923
8266 869
8297 750
