280 400 800 700
103 0
103 1
103 2
103 3
103 4
103 5
103 6
103 7
103 8
103 9
103 10
103 11
103 12
103 13
103 14
103 15
103 16
103 17
103 18
103 19
103 20
103 21
103 22
103 23
103 24
103 25
103 26
103 27
103 28
103 29
103 30
103 31
103 32
103 33
103 34
103 35
103 36
103 37
103 38
103 39
103 40
103 41
103 42
103 43
103 44
103 45
103 46
103 47
103 48
103 49
103 50
103 51
103 52
103 53
103 54
103 55
103 56
103 57
103 58
103 59
103 60
103 61
103 62
103 63
103 64
103 65
103 66
103 67
103 68
103 69
103 70
103 71
103 72
103 73
103 74
103 75
103 76
103 77
103 78
103 79
103 80
103 81
103 82
103 83
103 84
103 85
103 86
103 87
103 88
103 89
103 90
103 91
103 92
103 93
103 94
103 95
103 96
103 97
103 98
103 99
103 100
103 101
103 102
103 103
103 104
103 105
103 106
103 107
103 108
103 109
103 110
103 111
103 112
103 113
103 114
103 115
103 116
103 117
103 118
103 119
103 120
103 121
103 122
103 123
103 124
103 125
103 126
103 127
103 128
103 129
103 130
103 131
103 132
103 133
103 134
103 135
103 136
103 137
103 138
103 139
103 140
103 141
103 142
103 143
103 144
103 145
103 146
103 147
103 148
103 149
103 150
103 151
103 152
103 153
103 154
103 155
103 156
103 157
103 158
103 159
103 160
103 161
103 162
103 163
103 164
103 165
103 166
103 167
103 168
103 169
103 170
103 171
103 172
103 173
103 174
103 175
103 176
103 177
103 178
103 179
103 180
103 181
103 182
103 183
103 184
103 185
103 186
103 187
103 188
103 189
103 190
103 191
103 192
103 193
103 194
103 195
103 196
103 197
103 198
103 199
103 200
103 201
103 202
103 203
103 204
103 205
103 206
103 207
103 208
103 209
103 210
103 211
103 212
103 213
103 214
103 215
103 216
103 217
103 218
103 219
103 220
103 221
103 222
103 223
103 224
103 225
103 226
103 227
103 228
103 229
103 230
103 231
103 232
103 233
103 234
103 235
103 236
103 237
103 238
103 239
103 240
103 241
103 242
103 243
103 244
103 245
103 246
103 247
103 248
103 249
103 250
103 251
103 252
103 253
103 254
103 255
103 256
103 257
103 258
103 259
103 260
103 261
103 262
103 263
103 264
103 265
103 266
103 267
103 268
103 269
103 270
103 271
103 272
103 273
103 274
103 275
103 276
103 277
103 278
103 279
103 280
103 281
103 282
103 283
103 284
103 285
103 286
103 287
103 288
103 289
103 290
103 291
103 292
103 293
103 294
103 295
103 296
103 297
103 298
103 299
103 300
103 301
103 302
103 303
103 304
103 305
103 306
103 307
103 308
103 309
103 310
103 311
103 312
103 313
103 314
103 315
103 316
103 317
103 318
103 319
103 320
103 321
103 322
103 323
103 324
103 325
103 326
103 327
103 328
103 329
103 330
103 331
103 332
103 333
103 334
103 335
103 336
103 337
103 338
103 339
103 340
103 341
103 342
103 343
103 344
103 345
103 346
103 347
103 348
103 349
103 350
103 351
103 352
103 353
103 354
103 355
103 356
103 357
103 358
103 359
103 360
103 361
103 362
103 363
103 364
103 365
103 366
103 367
103 368
103 369
103 370
103 371
103 372
103 373
103 374
103 375
103 376
103 377
103 378
103 379
103 380
103 381
103 382
103 383
103 384
103 385
103 386
103 387
103 388
103 389
103 390
103 391
103 392
103 393
103 394
103 395
103 396
103 397
103 398
103 399
104 0
104 1
104 2
104 3
104 4
104 5
104 6
104 7
104 8
104 9
104 10
104 11
104 12
104 13
104 14
104 15
104 16
104 17
104 18
104 19
104 20
104 21
104 22
104 23
104 24
104 25
104 26
104 27
104 28
104 29
104 30
104 31
104 32
104 33
104 34
104 35
104 36
104 37
104 38
104 39
104 40
104 41
104 42
104 43
104 44
104 45
104 46
104 47
104 48
104 49
104 50
104 51
104 52
104 53
104 54
104 55
104 56
104 57
104 58
104 59
104 60
104 61
104 62
104 63
104 64
104 65
104 66
104 67
104 68
104 69
104 70
104 71
104 72
104 73
104 74
104 75
104 76
104 77
104 78
104 79
104 80
104 81
104 82
104 83
104 84
104 85
104 86
104 87
104 88
104 89
104 90
104 91
104 92
104 93
104 94
104 95
104 96
104 97
104 98
104 99
104 100
104 101
104 102
104 103
104 104
104 105
104 106
104 107
104 108
104 109
104 110
104 111
104 112
104 113
104 114
104 115
104 116
104 117
104 118
104 119
104 120
104 121
104 122
104 123
104 124
104 125
104 126
104 127
104 128
104 129
104 130
104 131
104 132
104 133
104 134
104 135
104 136
104 137
104 138
104 139
104 140
104 141
104 142
104 143
104 144
104 145
104 146
104 147
104 148
104 149
104 150
104 151
104 152
104 153
104 154
104 155
104 156
104 157
104 158
104 159
104 160
104 161
104 162
104 163
104 164
104 165
104 166
104 167
104 168
104 169
104 170
104 171
104 172
104 173
104 174
104 175
104 176
104 177
104 178
104 179
104 180
104 181
104 182
104 183
104 184
104 185
104 186
104 187
104 188
104 189
104 190
104 191
104 192
104 193
104 194
104 195
104 196
104 197
104 198
104 199
104 200
104 201
104 202
104 203
104 204
104 205
104 206
104 207
104 208
104 209
104 210
104 211
104 212
104 213
104 214
104 215
104 216
104 217
104 218
104 219
104 220
104 221
104 222
104 223
104 224
104 225
104 226
104 227
104 228
104 229
104 230
104 231
104 232
104 233
104 234
104 235
104 236
104 237
104 238
104 239
104 240
104 241
104 242
104 243
104 244
104 245
104 246
104 247
104 248
104 249
104 250
104 251
104 252
104 253
104 254
104 255
104 256
104 257
104 258
104 259
104 260
104 261
104 262
104 263
104 264
104 265
104 266
104 267
104 268
104 269
104 270
104 271
104 272
104 273
104 274
104 275
104 276
104 277
104 278
104 279
104 280
104 281
104 282
104 283
104 284
104 285
104 286
104 287
104 288
104 289
104 290
104 291
104 292
104 293
104 294
104 295
104 296
104 297
104 298
104 299
104 300
104 301
104 302
104 303
104 304
104 305
104 306
104 307
104 308
104 309
104 310
104 311
104 312
104 313
104 314
104 315
104 316
104 317
104 318
104 319
104 320
104 321
104 322
104 323
104 324
104 325
104 326
104 327
104 328
104 329
104 330
104 331
104 332
104 333
104 334
104 335
104 336
104 337
104 338
104 339
104 340
104 341
104 342
104 343
104 344
104 345
104 346
104 347
104 348
104 349
104 350
104 351
104 352
104 353
104 354
104 355
104 356
104 357
104 358
104 359
104 360
104 361
104 362
104 363
104 364
104 365
104 366
104 367
104 368
104 369
104 370
104 371
104 372
104 373
104 374
104 375
104 376
104 377
104 378
104 379
104 380
104 381
104 382
104 383
104 384
104 385
104 386
104 387
104 388
104 389
104 390
104 391
104 392
104 393
104 394
104 395
104 396
104 397
104 398
104 399
