280 320 1950 890
0 307
0 308
0 309
0 310
0 311
0 312
0 313
0 314
0 315
0 316
0 317
0 318
0 319
1 307
1 308
1 309
1 310
1 311
1 312
1 313
1 314
1 315
1 316
1 317
1 318
1 319
2 307
2 308
2 309
2 310
2 311
2 312
2 313
2 314
2 315
2 316
2 317
2 318
2 319
3 307
3 308
3 309
3 310
3 311
3 312
3 313
3 314
3 315
3 316
3 317
3 318
3 319
4 307
4 308
4 309
4 310
4 311
4 312
4 313
4 314
4 315
4 316
4 317
4 318
4 319
5 307
5 308
5 309
5 310
5 311
5 312
5 313
5 314
5 315
5 316
5 317
5 318
5 319
6 307
6 308
6 309
6 310
6 311
6 312
6 313
6 314
6 315
6 316
6 317
6 318
6 319
7 307
7 308
7 309
7 310
7 311
7 312
7 313
7 314
7 315
7 316
7 317
7 318
7 319
8 307
8 308
8 309
8 310
8 311
8 312
8 313
8 314
8 315
8 316
8 317
8 318
8 319
9 307
9 308
9 309
9 310
9 311
9 312
9 313
9 314
9 315
9 316
9 317
9 318
9 319
10 307
10 308
10 309
10 310
10 311
10 312
10 313
10 314
10 315
10 316
10 317
10 318
10 319
11 307
11 308
11 309
11 310
11 311
11 312
11 313
11 314
11 315
11 316
11 317
11 318
11 319
12 307
12 308
12 309
12 310
12 311
12 312
12 313
12 314
12 315
12 316
12 317
12 318
12 319
13 307
13 308
13 309
13 310
13 311
13 312
13 313
13 314
13 315
13 316
13 317
13 318
13 319
14 307
14 308
14 309
14 310
14 311
14 312
14 313
14 314
14 315
14 316
14 317
14 318
14 319
15 307
15 308
15 309
15 310
15 311
15 312
15 313
15 314
15 315
15 316
15 317
15 318
15 319
16 307
16 308
16 309
16 310
16 311
16 312
16 313
16 314
16 315
16 316
16 317
16 318
16 319
17 307
17 308
17 309
17 310
17 311
17 312
17 313
17 314
17 315
17 316
17 317
17 318
17 319
18 307
18 308
18 309
18 310
18 311
18 312
18 313
18 314
18 315
18 316
18 317
18 318
18 319
19 307
19 308
19 309
19 310
19 311
19 312
19 313
19 314
19 315
19 316
19 317
19 318
19 319
20 307
20 308
20 309
20 310
20 311
20 312
20 313
20 314
20 315
20 316
20 317
20 318
20 319
21 307
21 308
21 309
21 310
21 311
21 312
21 313
21 314
21 315
21 316
21 317
21 318
21 319
22 307
22 308
22 309
22 310
22 311
22 312
22 313
22 314
22 315
22 316
22 317
22 318
22 319
23 307
23 308
23 309
23 310
23 311
23 312
23 313
23 314
23 315
23 316
23 317
23 318
23 319
24 307
24 308
24 309
24 310
24 311
24 312
24 313
24 314
24 315
24 316
24 317
24 318
24 319
25 307
25 308
25 309
25 310
25 311
25 312
25 313
25 314
25 315
25 316
25 317
25 318
25 319
26 307
26 308
26 309
26 310
26 311
26 312
26 313
26 314
26 315
26 316
26 317
26 318
26 319
27 307
27 308
27 309
27 310
27 311
27 312
27 313
27 314
27 315
27 316
27 317
27 318
27 319
28 307
28 308
28 309
28 310
28 311
28 312
28 313
28 314
28 315
28 316
28 317
28 318
28 319
29 307
29 308
29 309
29 310
29 311
29 312
29 313
29 314
29 315
29 316
29 317
29 318
29 319
30 307
30 308
30 309
30 310
30 311
30 312
30 313
30 314
30 315
30 316
30 317
30 318
30 319
31 307
31 308
31 309
31 310
31 311
31 312
31 313
31 314
31 315
31 316
31 317
31 318
31 319
32 307
32 308
32 309
32 310
32 311
32 312
32 313
32 314
32 315
32 316
32 317
32 318
32 319
33 307
33 308
33 309
33 310
33 311
33 312
33 313
33 314
33 315
33 316
33 317
33 318
33 319
34 307
34 308
34 309
34 310
34 311
34 312
34 313
34 314
34 315
34 316
34 317
34 318
34 319
35 307
35 308
35 309
35 310
35 311
35 312
35 313
35 314
35 315
35 316
35 317
35 318
35 319
36 307
36 308
36 309
36 310
36 311
36 312
36 313
36 314
36 315
36 316
36 317
36 318
36 319
37 307
37 308
37 309
37 310
37 311
37 312
37 313
37 314
37 315
37 316
37 317
37 318
37 319
38 307
38 308
38 309
38 310
38 311
38 312
38 313
38 314
38 315
38 316
38 317
38 318
38 319
39 307
39 308
39 309
39 310
39 311
39 312
39 313
39 314
39 315
39 316
39 317
39 318
39 319
40 307
40 308
40 309
40 310
40 311
40 312
40 313
40 314
40 315
40 316
40 317
40 318
40 319
41 307
41 308
41 309
41 310
41 311
41 312
41 313
41 314
41 315
41 316
41 317
41 318
41 319
42 307
42 308
42 309
42 310
42 311
42 312
42 313
42 314
42 315
42 316
42 317
42 318
42 319
43 307
43 308
43 309
43 310
43 311
43 312
43 313
43 314
43 315
43 316
43 317
43 318
43 319
44 307
44 308
44 309
44 310
44 311
44 312
44 313
44 314
44 315
44 316
44 317
44 318
44 319
45 307
45 308
45 309
45 310
45 311
45 312
45 313
45 314
45 315
45 316
45 317
45 318
45 319
46 307
46 308
46 309
46 310
46 311
46 312
46 313
46 314
46 315
46 316
46 317
46 318
46 319
47 307
47 308
47 309
47 310
47 311
47 312
47 313
47 314
47 315
47 316
47 317
47 318
47 319
48 307
48 308
48 309
48 310
48 311
48 312
48 313
48 314
48 315
48 316
48 317
48 318
48 319
49 307
49 308
49 309
49 310
49 311
49 312
49 313
49 314
49 315
49 316
49 317
49 318
49 319
50 307
50 308
50 309
50 310
50 311
50 312
50 313
50 314
50 315
50 316
50 317
50 318
50 319
51 307
51 308
51 309
51 310
51 311
51 312
51 313
51 314
51 315
51 316
51 317
51 318
51 319
52 307
52 308
52 309
52 310
52 311
52 312
52 313
52 314
52 315
52 316
52 317
52 318
52 319
53 307
53 308
53 309
53 310
53 311
53 312
53 313
53 314
53 315
53 316
53 317
53 318
53 319
54 307
54 308
54 309
54 310
54 311
54 312
54 313
54 314
54 315
54 316
54 317
54 318
54 319
55 307
55 308
55 309
55 310
55 311
55 312
55 313
55 314
55 315
55 316
55 317
55 318
55 319
56 307
56 308
56 309
56 310
56 311
56 312
56 313
56 314
56 315
56 316
56 317
56 318
56 319
57 307
57 308
57 309
57 310
57 311
57 312
57 313
57 314
57 315
57 316
57 317
57 318
57 319
58 307
58 308
58 309
58 310
58 311
58 312
58 313
58 314
58 315
58 316
58 317
58 318
58 319
59 307
59 308
59 309
59 310
59 311
59 312
59 313
59 314
59 315
59 316
59 317
59 318
59 319
60 307
60 308
60 309
60 310
60 311
60 312
60 313
60 314
60 315
60 316
60 317
60 318
60 319
61 307
61 308
61 309
61 310
61 311
61 312
61 313
61 314
61 315
61 316
61 317
61 318
61 319
62 307
62 308
62 309
62 310
62 311
62 312
62 313
62 314
62 315
62 316
62 317
62 318
62 319
63 307
63 308
63 309
63 310
63 311
63 312
63 313
63 314
63 315
63 316
63 317
63 318
63 319
64 307
64 308
64 309
64 310
64 311
64 312
64 313
64 314
64 315
64 316
64 317
64 318
64 319
65 307
65 308
65 309
65 310
65 311
65 312
65 313
65 314
65 315
65 316
65 317
65 318
65 319
66 307
66 308
66 309
66 310
66 311
66 312
66 313
66 314
66 315
66 316
66 317
66 318
66 319
67 307
67 308
67 309
67 310
67 311
67 312
67 313
67 314
67 315
67 316
67 317
67 318
67 319
68 307
68 308
68 309
68 310
68 311
68 312
68 313
68 314
68 315
68 316
68 317
68 318
68 319
69 307
69 308
69 309
69 310
69 311
69 312
69 313
69 314
69 315
69 316
69 317
69 318
69 319
70 307
70 308
70 309
70 310
70 311
70 312
70 313
70 314
70 315
70 316
70 317
70 318
70 319
71 307
71 308
71 309
71 310
71 311
71 312
71 313
71 314
71 315
71 316
71 317
71 318
71 319
72 307
72 308
72 309
72 310
72 311
72 312
72 313
72 314
72 315
72 316
72 317
72 318
72 319
73 307
73 308
73 309
73 310
73 311
73 312
73 313
73 314
73 315
73 316
73 317
73 318
73 319
74 307
74 308
74 309
74 310
74 311
74 312
74 313
74 314
74 315
74 316
74 317
74 318
74 319
75 307
75 308
75 309
75 310
75 311
75 312
75 313
75 314
75 315
75 316
75 317
75 318
75 319
76 307
76 308
76 309
76 310
76 311
76 312
76 313
76 314
76 315
76 316
76 317
76 318
76 319
77 307
77 308
77 309
77 310
77 311
77 312
77 313
77 314
77 315
77 316
77 317
77 318
77 319
78 307
78 308
78 309
78 310
78 311
78 312
78 313
78 314
78 315
78 316
78 317
78 318
78 319
79 307
79 308
79 309
79 310
79 311
79 312
79 313
79 314
79 315
79 316
79 317
79 318
79 319
80 307
80 308
80 309
80 310
80 311
80 312
80 313
80 314
80 315
80 316
80 317
80 318
80 319
81 307
81 308
81 309
81 310
81 311
81 312
81 313
81 314
81 315
81 316
81 317
81 318
81 319
82 307
82 308
82 309
82 310
82 311
82 312
82 313
82 314
82 315
82 316
82 317
82 318
82 319
83 307
83 308
83 309
83 310
83 311
83 312
83 313
83 314
83 315
83 316
83 317
83 318
83 319
84 307
84 308
84 309
84 310
84 311
84 312
84 313
84 314
84 315
84 316
84 317
84 318
84 319
85 307
85 308
85 309
85 310
85 311
85 312
85 313
85 314
85 315
85 316
85 317
85 318
85 319
86 307
86 308
86 309
86 310
86 311
86 312
86 313
86 314
86 315
86 316
86 317
86 318
86 319
87 307
87 308
87 309
87 310
87 311
87 312
87 313
87 314
87 315
87 316
87 317
87 318
87 319
88 307
88 308
88 309
88 310
88 311
88 312
88 313
88 314
88 315
88 316
88 317
88 318
88 319
89 307
89 308
89 309
89 310
89 311
89 312
89 313
89 314
89 315
89 316
89 317
89 318
89 319
90 307
90 308
90 309
90 310
90 311
90 312
90 313
90 314
90 315
90 316
90 317
90 318
90 319
91 307
91 308
91 309
91 310
91 311
91 312
91 313
91 314
91 315
91 316
91 317
91 318
91 319
92 307
92 308
92 309
92 310
92 311
92 312
92 313
92 314
92 315
92 316
92 317
92 318
92 319
93 307
93 308
93 309
93 310
93 311
93 312
93 313
93 314
93 315
93 316
93 317
93 318
93 319
94 307
94 308
94 309
94 310
94 311
94 312
94 313
94 314
94 315
94 316
94 317
94 318
94 319
95 307
95 308
95 309
95 310
95 311
95 312
95 313
95 314
95 315
95 316
95 317
95 318
95 319
96 307
96 308
96 309
96 310
96 311
96 312
96 313
96 314
96 315
96 316
96 317
96 318
96 319
97 307
97 308
97 309
97 310
97 311
97 312
97 313
97 314
97 315
97 316
97 317
97 318
97 319
98 307
98 308
98 309
98 310
98 311
98 312
98 313
98 314
98 315
98 316
98 317
98 318
98 319
99 307
99 308
99 309
99 310
99 311
99 312
99 313
99 314
99 315
99 316
99 317
99 318
99 319
100 307
100 308
100 309
100 310
100 311
100 312
100 313
100 314
100 315
100 316
100 317
100 318
100 319
101 307
101 308
101 309
101 310
101 311
101 312
101 313
101 314
101 315
101 316
101 317
101 318
101 319
102 307
102 308
102 309
102 310
102 311
102 312
102 313
102 314
102 315
102 316
102 317
102 318
102 319
103 307
103 308
103 309
103 310
103 311
103 312
103 313
103 314
103 315
103 316
103 317
103 318
103 319
104 307
104 308
104 309
104 310
104 311
104 312
104 313
104 314
104 315
104 316
104 317
104 318
104 319
105 307
105 308
105 309
105 310
105 311
105 312
105 313
105 314
105 315
105 316
105 317
105 318
105 319
106 307
106 308
106 309
106 310
106 311
106 312
106 313
106 314
106 315
106 316
106 317
106 318
106 319
107 307
107 308
107 309
107 310
107 311
107 312
107 313
107 314
107 315
107 316
107 317
107 318
107 319
108 307
108 308
108 309
108 310
108 311
108 312
108 313
108 314
108 315
108 316
108 317
108 318
108 319
109 307
109 308
109 309
109 310
109 311
109 312
109 313
109 314
109 315
109 316
109 317
109 318
109 319
110 307
110 308
110 309
110 310
110 311
110 312
110 313
110 314
110 315
110 316
110 317
110 318
110 319
111 307
111 308
111 309
111 310
111 311
111 312
111 313
111 314
111 315
111 316
111 317
111 318
111 319
112 307
112 308
112 309
112 310
112 311
112 312
112 313
112 314
112 315
112 316
112 317
112 318
112 319
113 307
113 308
113 309
113 310
113 311
113 312
113 313
113 314
113 315
113 316
113 317
113 318
113 319
114 307
114 308
114 309
114 310
114 311
114 312
114 313
114 314
114 315
114 316
114 317
114 318
114 319
115 307
115 308
115 309
115 310
115 311
115 312
115 313
115 314
115 315
115 316
115 317
115 318
115 319
116 307
116 308
116 309
116 310
116 311
116 312
116 313
116 314
116 315
116 316
116 317
116 318
116 319
117 307
117 308
117 309
117 310
117 311
117 312
117 313
117 314
117 315
117 316
117 317
117 318
117 319
118 307
118 308
118 309
118 310
118 311
118 312
118 313
118 314
118 315
118 316
118 317
118 318
118 319
119 307
119 308
119 309
119 310
119 311
119 312
119 313
119 314
119 315
119 316
119 317
119 318
119 319
120 307
120 308
120 309
120 310
120 311
120 312
120 313
120 314
120 315
120 316
120 317
120 318
120 319
121 307
121 308
121 309
121 310
121 311
121 312
121 313
121 314
121 315
121 316
121 317
121 318
121 319
122 307
122 308
122 309
122 310
122 311
122 312
122 313
122 314
122 315
122 316
122 317
122 318
122 319
123 307
123 308
123 309
123 310
123 311
123 312
123 313
123 314
123 315
123 316
123 317
123 318
123 319
124 307
124 308
124 309
124 310
124 311
124 312
124 313
124 314
124 315
124 316
124 317
124 318
124 319
125 307
125 308
125 309
125 310
125 311
125 312
125 313
125 314
125 315
125 316
125 317
125 318
125 319
126 307
126 308
126 309
126 310
126 311
126 312
126 313
126 314
126 315
126 316
126 317
126 318
126 319
127 307
127 308
127 309
127 310
127 311
127 312
127 313
127 314
127 315
127 316
127 317
127 318
127 319
128 307
128 308
128 309
128 310
128 311
128 312
128 313
128 314
128 315
128 316
128 317
128 318
128 319
129 307
129 308
129 309
129 310
129 311
129 312
129 313
129 314
129 315
129 316
129 317
129 318
129 319
130 307
130 308
130 309
130 310
130 311
130 312
130 313
130 314
130 315
130 316
130 317
130 318
130 319
131 307
131 308
131 309
131 310
131 311
131 312
131 313
131 314
131 315
131 316
131 317
131 318
131 319
132 307
132 308
132 309
132 310
132 311
132 312
132 313
132 314
132 315
132 316
132 317
132 318
132 319
133 307
133 308
133 309
133 310
133 311
133 312
133 313
133 314
133 315
133 316
133 317
133 318
133 319
134 307
134 308
134 309
134 310
134 311
134 312
134 313
134 314
134 315
134 316
134 317
134 318
134 319
135 307
135 308
135 309
135 310
135 311
135 312
135 313
135 314
135 315
135 316
135 317
135 318
135 319
136 307
136 308
136 309
136 310
136 311
136 312
136 313
136 314
136 315
136 316
136 317
136 318
136 319
137 307
137 308
137 309
137 310
137 311
137 312
137 313
137 314
137 315
137 316
137 317
137 318
137 319
138 307
138 308
138 309
138 310
138 311
138 312
138 313
138 314
138 315
138 316
138 317
138 318
138 319
139 307
139 308
139 309
139 310
139 311
139 312
139 313
139 314
139 315
139 316
139 317
139 318
139 319
140 307
140 308
140 309
140 310
140 311
140 312
140 313
140 314
140 315
140 316
140 317
140 318
140 319
141 307
141 308
141 309
141 310
141 311
141 312
141 313
141 314
141 315
141 316
141 317
141 318
141 319
142 307
142 308
142 309
142 310
142 311
142 312
142 313
142 314
142 315
142 316
142 317
142 318
142 319
143 307
143 308
143 309
143 310
143 311
143 312
143 313
143 314
143 315
143 316
143 317
143 318
143 319
144 307
144 308
144 309
144 310
144 311
144 312
144 313
144 314
144 315
144 316
144 317
144 318
144 319
145 307
145 308
145 309
145 310
145 311
145 312
145 313
145 314
145 315
145 316
145 317
145 318
145 319
146 307
146 308
146 309
146 310
146 311
146 312
146 313
146 314
146 315
146 316
146 317
146 318
146 319
147 307
147 308
147 309
147 310
147 311
147 312
147 313
147 314
147 315
147 316
147 317
147 318
147 319
148 307
148 308
148 309
148 310
148 311
148 312
148 313
148 314
148 315
148 316
148 317
148 318
148 319
149 307
149 308
149 309
149 310
149 311
149 312
149 313
149 314
149 315
149 316
149 317
149 318
149 319
