250 220 800 650
48 22
48 23
48 24
48 25
49 22
49 23
49 24
49 25
50 22
50 23
50 24
50 25
51 22
51 23
51 24
51 25
52 22
52 23
52 24
52 25
53 22
53 23
53 24
53 25
54 22
54 23
54 24
54 25
55 22
55 23
55 24
55 25
56 22
56 23
56 24
56 25
57 22
57 23
57 24
57 25
58 22
58 23
58 24
58 25
59 22
59 23
59 24
59 25
60 22
60 23
60 24
60 25
61 22
61 23
61 24
61 25
62 22
62 23
62 24
62 25
63 22
63 23
63 24
63 25
64 22
64 23
64 24
64 25
65 22
65 23
65 24
65 25
66 22
66 23
66 24
66 25
67 22
67 23
67 24
67 25
68 22
68 23
68 24
68 25
69 22
69 23
69 24
69 25
70 22
70 23
70 24
70 25
71 22
71 23
71 24
71 25
72 22
72 23
72 24
72 25
73 22
73 23
73 24
73 25
74 22
74 23
74 24
74 25
75 22
75 23
75 24
75 25
76 22
76 23
76 24
76 25
77 22
77 23
77 24
77 25
78 22
78 23
78 24
78 25
79 22
79 23
79 24
79 25
80 22
80 23
80 24
80 25
81 22
81 23
81 24
81 25
82 22
82 23
82 24
82 25
83 22
83 23
83 24
83 25
84 22
84 23
84 24
84 25
85 22
85 23
85 24
85 25
86 22
86 23
86 24
86 25
87 22
87 23
87 24
87 25
88 22
88 23
88 24
88 25
89 22
89 23
89 24
89 25
90 22
90 23
90 24
90 25
91 22
91 23
91 24
91 25
92 22
92 23
92 24
92 25
93 22
93 23
93 24
93 25
94 22
94 23
94 24
94 25
95 22
95 23
95 24
95 25
96 22
96 23
96 24
96 25
97 22
97 23
97 24
97 25
98 22
98 23
98 24
98 25
99 22
99 23
99 24
99 25
100 22
100 23
100 24
100 25
101 22
101 23
101 24
101 25
102 22
102 23
102 24
102 25
103 22
103 23
103 24
103 25
104 22
104 23
104 24
104 25
105 22
105 23
105 24
105 25
106 22
106 23
106 24
106 25
107 22
107 23
107 24
107 25
108 22
108 23
108 24
108 25
109 22
109 23
109 24
109 25
110 22
110 23
110 24
110 25
111 22
111 23
111 24
111 25
112 22
112 23
112 24
112 25
113 22
113 23
113 24
113 25
114 22
114 23
114 24
114 25
115 22
115 23
115 24
115 25
116 22
116 23
116 24
116 25
117 22
117 23
117 24
117 25
118 22
118 23
118 24
118 25
119 22
119 23
119 24
119 25
120 22
120 23
120 24
120 25
121 22
121 23
121 24
121 25
122 22
122 23
122 24
122 25
123 22
123 23
123 24
123 25
124 22
124 23
124 24
124 25
125 22
125 23
125 24
125 25
126 22
126 23
126 24
126 25
127 22
127 23
127 24
127 25
128 22
128 23
128 24
128 25
129 22
129 23
129 24
129 25
130 22
130 23
130 24
130 25
131 22
131 23
131 24
131 25
132 22
132 23
132 24
132 25
133 22
133 23
133 24
133 25
134 22
134 23
134 24
134 25
135 22
135 23
135 24
135 25
136 22
136 23
136 24
136 25
137 22
137 23
137 24
137 25
138 22
138 23
138 24
138 25
139 22
139 23
139 24
139 25
140 22
140 23
140 24
140 25
141 22
141 23
141 24
141 25
142 22
142 23
142 24
142 25
143 22
143 23
143 24
143 25
144 22
144 23
144 24
144 25
145 22
145 23
145 24
145 25
146 22
146 23
146 24
146 25
147 22
147 23
147 24
147 25
148 22
148 23
148 24
148 25
149 22
149 23
149 24
149 25
150 22
150 23
150 24
150 25
151 22
151 23
151 24
151 25
152 22
152 23
152 24
152 25
153 22
153 23
153 24
153 25
154 22
154 23
154 24
154 25
155 22
155 23
155 24
155 25
156 22
156 23
156 24
156 25
157 22
157 23
157 24
157 25
158 22
158 23
158 24
158 25
159 22
159 23
159 24
159 25
160 22
160 23
160 24
160 25
161 22
161 23
161 24
161 25
162 22
162 23
162 24
162 25
163 22
163 23
163 24
163 25
164 22
164 23
164 24
164 25
165 22
165 23
165 24
165 25
166 22
166 23
166 24
166 25
167 22
167 23
167 24
167 25
168 22
168 23
168 24
168 25
169 22
169 23
169 24
169 25
170 22
170 23
170 24
170 25
171 22
171 23
171 24
171 25
172 22
172 23
172 24
172 25
173 22
173 23
173 24
173 25
174 22
174 23
174 24
174 25
175 22
175 23
175 24
175 25
176 22
176 23
176 24
176 25
177 22
177 23
177 24
177 25
178 22
178 23
178 24
178 25
179 22
179 23
179 24
179 25
180 22
180 23
180 24
180 25
181 22
181 23
181 24
181 25
182 22
182 23
182 24
182 25
183 22
183 23
183 24
183 25
184 22
184 23
184 24
184 25
185 22
185 23
185 24
185 25
186 22
186 23
186 24
186 25
187 22
187 23
187 24
187 25
188 22
188 23
188 24
188 25
189 22
189 23
189 24
189 25
190 22
190 23
190 24
190 25
191 22
191 23
191 24
191 25
192 22
192 23
192 24
192 25
193 22
193 23
193 24
193 25
194 22
194 23
194 24
194 25
195 22
195 23
195 24
195 25
196 22
196 23
196 24
196 25
197 22
197 23
197 24
197 25
198 22
198 23
198 24
198 25
199 22
199 23
199 24
199 25
200 22
200 23
200 24
200 25
201 22
201 23
201 24
201 25
202 22
202 23
202 24
202 25
203 22
203 23
203 24
203 25
204 22
204 23
204 24
204 25
205 22
205 23
205 24
205 25
206 22
206 23
206 24
206 25
207 22
207 23
207 24
207 25
208 22
208 23
208 24
208 25
209 22
209 23
209 24
209 25
210 22
210 23
210 24
210 25
211 22
211 23
211 24
211 25
212 22
212 23
212 24
212 25
213 22
213 23
213 24
213 25
214 22
214 23
214 24
214 25
215 22
215 23
215 24
215 25
216 22
216 23
216 24
216 25
217 22
217 23
217 24
217 25
218 22
218 23
218 24
218 25
219 22
219 23
219 24
219 25
220 22
220 23
220 24
220 25
221 22
221 23
221 24
221 25
222 22
222 23
222 24
222 25
223 22
223 23
223 24
223 25
224 22
224 23
224 24
224 25
225 22
225 23
225 24
225 25
226 22
226 23
226 24
226 25
227 22
227 23
227 24
227 25
228 22
228 23
228 24
228 25
229 22
229 23
229 24
229 25
230 22
230 23
230 24
230 25
231 22
231 23
231 24
231 25
232 22
232 23
232 24
232 25
233 22
233 23
233 24
233 25
234 22
234 23
234 24
234 25
235 22
235 23
235 24
235 25
236 22
236 23
236 24
236 25
237 22
237 23
237 24
237 25
238 22
238 23
238 24
238 25
239 22
239 23
239 24
239 25
240 22
240 23
240 24
240 25
241 22
241 23
241 24
241 25
242 22
242 23
242 24
242 25
243 22
243 23
243 24
243 25
244 22
244 23
244 24
244 25
245 22
245 23
245 24
245 25
246 22
246 23
246 24
246 25
247 22
247 23
247 24
247 25
