5000 5000 850 10000
1711 3200
1670 3190
1623 3195
1623 3195
1566 3190
1494 3190
1427 3180
1385 3180
1334 3180
1297 3180
1282 3180
1251 3185
1209 3195
1178 3220
1158 3235
1158 3240
1163 3260
1178 3280
1199 3300
1240 3305
1271 3320
1287 3330
1287 3330
1282 3369
1277 3389
1261 3414
1261 3414
1251 3439
1251 3474
1246 3508
1246 3528
1251 3563
1261 3608
1277 3633
1282 3658
1297 3677
1313 3707
1313 3712
1302 3712
1266 3712
1261 3712
1209 3737
1178 3762
1178 3787
1178 3797
1199 3817
1261 3841
1302 3841
1313 3841
1328 3841
1385 3836
1406 3832
1437 3836
1483 3846
1520 3846
1566 3851
1608 3851
1628 3851
1670 3856
1675 3861
1416 3638
1401 3598
1401 3548
1411 3474
1411 3454
1411 3414
1416 3379
1432 3344
1458 3310
1478 3305
1514 3305
1582 3305
1623 3315
1654 3330
1685 3339
1711 3379
1726 3424
1732 3459
1737 3513
1747 3563
1747 3603
1747 3633
1742 3677
1726 3712
1711 3742
1664 3762
1644 3772
1618 3777
1577 3777
1566 3777
1520 3777
1489 3767
1458 3747
1432 3717
1416 3697
1504 3444
1520 3667
1602 3494
1602 3494
1628 3494
1649 3494
1664 3513
1680 3538
1685 3563
1690 3588
1685 3593
1664 3613
1649 3618
1628 3618
1628 3618
925 730
1235 472
1608 477
2006 685
1675 695
1489 487
1334 536
1349 670
1602 611
1613 377
1825 462
1830 561
1778 715
1768 879
1623 914
1463 750
1302 800
1106 765
1023 636
1173 904
1308 1073
1432 969
1577 1028
1654 1148
1944 1068
2016 755
1938 795
1923 909
2238 889
2197 1008
2037 959
1820 1023
1758 1068
1571 1103
1561 1138
1613 1247
1690 1327
1721 1381
1768 1391
1851 1391
1938 1391
2094 1406
2130 1431
2125 1481
2047 1525
1990 1505
1933 1496
1804 1515
1695 1505
1566 1411
1504 1322
1442 1217
1437 1138
1483 1078
1561 1222
1623 1366
1747 1446
1897 1456
2006 1505
1990 1481
1401 1307
1396 1038
1380 1028
1230 969
1184 919
1142 735
1251 685
1396 849
1561 929
1608 859
1597 680
1737 710
1928 800
2244 934
2244 864
2114 735
1928 536
1825 477
1685 437
1535 432
1468 432
1334 432
1246 467
1153 511
1034 626
1003 690
982 735
935 820
935 859
966 914
1049 949
1142 1018
1204 1058
1246 1078
3045 2738
3045 2783
3045 2788
3050 2828
3055 2872
3055 2902
3061 2947
3061 2972
3061 3021
3061 3041
3061 3086
3066 3106
3071 3131
3071 3170
3071 3185
3071 3210
3061 3220
3029 3225
2998 3225
2983 3225
2952 3225
2926 3215
2900 3200
2880 3175
2854 3111
2843 3096
2838 3076
2838 3001
2838 2982
2838 2942
2833 2922
2833 2862
2849 2823
2874 2788
2895 2768
2926 2758
2957 2753
3029 2728
3107 2733
3117 2733
3128 2743
3138 2763
3138 2823
3138 2847
3138 2892
3138 2892
3143 2922
3143 2937
3148 2987
3154 3001
3154 3016
3154 3031
3159 3071
3159 3096
3164 3126
3169 3141
3174 3161
3174 3175
3174 3190
3148 3220
3143 3225
3112 3210
3092 3126
3092 3106
3081 3066
3081 2967
3081 2922
3081 2852
3076 2803
3076 2758
3117 2738
3159 2768
3169 2718
3190 2683
3210 2688
3210 2763
3205 2813
3205 2852
3210 2867
3216 2892
3221 2932
3231 2957
3236 2982
3241 3041
3241 3071
3241 3106
3241 3156
3241 3170
3241 3210
3236 3255
3205 3255
3179 3230
3236 2758
3236 2768
3283 2778
3309 2798
3314 2867
3314 2907
3314 2927
3314 2972
3319 3016
3314 3051
3314 3076
3314 3111
3329 3166
3329 3166
3319 3170
3267 3205
4131 4169
4115 4155
4105 4125
4105 4080
4126 4040
4136 4030
4162 4010
4208 3996
4224 3996
4265 3991
4301 3991
4322 3991
4338 4010
4338 4035
4338 4060
4338 4085
4322 4105
4291 4130
4255 4140
4224 4160
4188 4174
4162 4189
4131 4155
4115 4155
4100 4169
4100 4169
4084 4179
4027 4204
4017 4214
3991 4239
3960 4289
3945 4388
3945 4448
3945 4493
3955 4537
3971 4567
3981 4587
3991 4617
4017 4642
4043 4662
4069 4681
4115 4681
4131 4686
4177 4686
4214 4681
4239 4671
4265 4662
4307 4652
4332 4642
4343 4637
4374 4617
4384 4607
4420 4592
4451 4562
4493 4547
4529 4532
4560 4532
4591 4542
4596 4547
4596 4557
4601 4582
4596 4602
4586 4617
4581 4642
4560 4666
4544 4686
4503 4711
4488 4716
4436 4716
4405 4691
4384 4681
4379 4657
4374 4721
4358 4726
4322 4746
4312 4756
4301 4756
4270 4766
4234 4771
4208 4781
4188 4786
4162 4786
4136 4781
4110 4761
4089 4751
4048 4726
4017 4696
4157 4254
4141 4279
4120 4289
4089 4319
4058 4358
4038 4393
4017 4428
4012 4458
4007 4488
4002 4522
4002 4552
4002 4587
4157 4244
222 4353
237 4274
243 4234
274 4130
289 4095
310 3966
310 3966
361 3856
361 3851
429 3658
429 3653
511 3518
542 3603
558 3717
568 3762
573 3856
584 3901
589 3976
589 4040
589 4085
589 4105
604 4229
615 4269
625 4338
630 4383
646 4438
672 4522
687 4557
698 4602
729 4671
708 4671
620 4607
579 4587
537 4557
496 4537
413 4488
392 4468
336 4438
253 4408
217 4393
346 4274
356 4239
367 4204
372 4140
387 4090
398 4060
403 4060
418 4110
423 4189
444 4229
460 4319
475 4348
480 4383
429 4368
351 4304
351 4304
3283 1451
3283 1451
3298 1446
3335 1441
3360 1441
3386 1441
3386 1441
3391 1441
3407 1421
3428 1391
3433 1386
3453 1371
3510 1361
3526 1356
3541 1356
3567 1356
3603 1371
3624 1376
3655 1381
3697 1391
3722 1391
3769 1371
3815 1346
3821 1336
3836 1322
3867 1312
3940 1292
4007 1267
4022 1267
4033 1267
4069 1272
4162 1282
4162 1282
4167 1282
4234 1282
4255 1282
4255 1282
4265 1351
4265 1376
4265 1381
4265 1411
4265 1426
4270 1451
4276 1491
4276 1500
4276 1560
4276 1575
4245 1580
4219 1580
4193 1585
4167 1595
4152 1600
4126 1600
4100 1600
4058 1600
4038 1600
4002 1600
3971 1595
3955 1585
3924 1560
3888 1545
3872 1540
3810 1540
3795 1540
3764 1545
3728 1555
3691 1590
3671 1615
3619 1645
3572 1660
3536 1665
3505 1660
3469 1645
3448 1630
3433 1620
3397 1580
3391 1575
3371 1560
3350 1560
3319 1565
3293 1565
3288 1565
3273 1496
3273 1496
3273 1505
3273 1560
3273 1560
3707 1401
3702 1431
3702 1466
3702 1510
3707 1540
3914 1336
3914 1351
3914 1401
3919 1441
3929 1481
3934 1496
3934 1505
3940 1555
444 1486
470 1461
491 1461
522 1461
558 1466
584 1491
594 1515
610 1550
610 1575
610 1605
594 1635
573 1665
542 1679
506 1689
486 1689
449 1665
418 1655
408 1655
398 1694
387 1714
372 1744
361 1769
356 1799
341 1829
336 1853
320 1883
315 1913
305 1948
299 1968
289 2002
284 2027
315 2047
341 2047
346 2047
372 2072
372 2087
346 2122
315 2152
305 2171
279 2191
248 2211
237 2211
206 2211
191 2211
155 2181
144 2152
129 2117
129 2082
144 2027
144 2027
149 2022
170 2007
196 2007
196 1993
196 1963
206 1943
217 1923
217 1893
227 1848
227 1829
232 1809
237 1799
258 1729
258 1719
263 1704
274 1650
284 1615
289 1615
294 1610
315 1575
315 1575
330 1555
346 1540
377 1520
398 1515
418 1789
429 1789
449 1819
449 1819
491 1829
496 1829
548 1794
548 1794
548 1759
537 1729
537 1729
232 2107
232 2152
232 2181
1742 2072
1758 2052
1763 2052
1789 2032
1809 2007
1814 1998
1814 1998
1830 1998
1861 2027
1876 2052
1892 2077
1897 2092
1913 2117
1938 2157
1954 2171
1964 2201
1975 2221
1995 2241
2011 2256
2021 2261
2021 2261
2026 2256
2032 2251
2052 2231
2083 2186
2083 2186
2099 2171
2130 2152
2145 2142
1985 1918
2016 1948
2026 1973
2063 1988
2063 1998
2063 2007
2042 2032
2042 2032
2037 2037
2021 2057
2001 2082
1975 2112
1954 2137
1928 2186
1897 2226
1876 2251
1856 2276
1845 2286
1835 2301
1835 2301
1851 2331
1876 2331
1892 2335
1913 2350
1928 2360
1928 2365
1944 2380
1964 2400
2368 4289
2368 4289
2373 4234
2383 4194
2394 4160
2409 4120
2445 4050
2466 4020
2476 4005
2518 3986
2538 3976
2585 3971
2626 3971
2673 3971
2714 3976
2755 3986
2807 4000
2843 4035
2874 4090
2874 4090
2890 4150
2890 4165
2900 4234
2900 4274
2900 4289
2895 4353
2885 4393
2880 4438
2880 4438
2869 4488
2849 4532
2823 4572
2797 4602
2771 4612
2735 4622
2699 4637
2662 4637
2605 4632
2559 4632
2523 4627
2497 4622
2435 4592
2409 4557
2394 4527
2383 4463
2368 4398
2362 4368
2357 4338
2481 3946
2466 3946
2425 3951
2362 3951
2311 3951
2290 3951
2285 3986
2321 4010
2337 4035
2362 4080
2378 4115
2357 4502
2316 4537
2300 4552
2285 4572
2244 4617
2244 4617
2244 4637
2306 4637
2337 4637
2362 4637
2404 4637
2404 4637
2652 4244
2673 4254
2683 4264
2699 4289
2704 4299
2704 4314
2678 4348
2657 4368
2637 4368
2621 4368
2616 4279
2616 4279
2621 4333
2569 4150
2569 4150
2554 4478
2719 4314
2719 4314
2755 4319
2771 4319
2786 4294
2792 4274
2812 4234
2812 4234
2797 4174
2786 4135
2771 4353
2781 4368
2786 4383
2797 4418
2812 4458
2802 4502
2781 4532
2673 4433
2668 4463
2662 4502
2657 4547
2647 4587
2647 4627
2704 4463
2704 4502
2714 4527
2724 4572
2657 4179
2657 4179
2652 4150
2652 4095
2652 4070
2652 4045
2745 4070
2719 4120
2709 4165
2704 4189
3335 213
3381 213
3453 208
3490 203
3578 193
3629 188
3671 188
3702 188
3753 193
3759 193
3759 193
3815 193
