130 120 240 3900
0 0
0 81
0 119
7 12
7 13
9 37
9 100
10 98
10 99
11 0
11 1
11 103
11 104
13 93
14 63
14 93
14 107
15 29
15 53
15 63
15 64
15 93
15 107
16 28
16 53
16 70
16 71
16 93
17 14
17 15
17 28
17 54
18 28
19 28
20 48
20 49
20 50
22 84
23 84
23 112
24 23
25 23
26 23
27 22
28 13
28 22
28 48
28 70
28 71
28 110
28 111
29 13
29 14
31 28
31 29
31 30
31 31
31 32
31 42
31 59
32 42
32 43
32 59
33 24
33 25
37 96
38 94
38 95
38 96
38 97
39 62
40 14
40 60
40 61
41 14
41 75
42 14
42 34
43 14
43 34
44 14
45 14
46 21
46 22
46 51
47 50
48 94
48 95
49 92
49 93
51 22
51 23
51 64
51 65
51 103
52 89
52 103
53 42
53 104
54 42
54 76
54 77
54 104
55 104
56 12
56 105
57 11
57 105
58 11
58 56
58 57
58 112
59 11
59 12
59 112
61 94
61 95
62 102
62 103
63 76
63 88
64 87
65 30
65 31
65 87
66 30
66 42
66 86
67 22
67 31
67 42
67 76
68 22
68 76
69 22
69 76
69 90
70 13
70 22
70 77
71 22
71 77
71 102
71 104
71 105
72 49
72 50
72 51
72 52
72 53
72 78
72 102
72 103
75 64
75 65
77 92
77 108
77 109
78 92
79 91
80 90
80 98
81 90
84 52
84 81
85 52
86 52
86 56
87 34
87 35
87 53
88 53
88 66
88 67
88 68
89 54
89 96
90 55
90 97
90 98
90 99
90 100
90 101
93 17
95 28
96 28
97 28
97 77
97 91
98 28
98 45
98 46
98 47
98 77
98 92
98 93
99 28
99 42
99 43
99 44
100 28
100 29
100 49
101 30
104 22
104 63
104 65
105 63
106 35
106 63
106 116
107 64
107 98
107 99
107 115
108 64
108 115
109 65
116 60
117 14
117 25
117 80
117 81
117 100
118 13
118 24
118 99
119 8
119 60
120 57
120 58
120 59
120 111
121 42
121 43
122 40
122 41
123 40
129 0
129 119
