800 600 1800 15000
0 22
0 452
0 453
0 454
0 455
0 456
0 457
0 458
1 46
2 23
3 164
4 186
5 185
12 372
20 546
20 556
22 226
22 244
23 375
25 371
49 160
49 591
55 238
57 598
60 571
63 586
67 580
70 587
71 119
71 120
71 577
72 117
72 118
72 120
72 121
72 412
73 116
73 121
73 414
74 91
74 92
74 93
74 94
74 95
74 116
74 121
75 89
75 90
75 95
75 103
75 104
75 105
75 106
75 107
75 108
75 109
75 110
75 111
75 112
75 115
75 116
75 121
76 89
76 95
76 101
76 102
76 103
76 113
76 114
76 115
76 122
76 414
76 553
77 89
77 95
77 99
77 100
77 122
77 410
78 89
78 95
78 98
78 122
78 580
79 89
79 95
79 96
79 97
79 106
79 107
79 108
79 109
79 110
79 111
79 122
79 592
80 89
80 96
80 102
80 103
80 104
80 105
80 106
80 107
80 108
80 109
80 110
80 112
80 113
80 114
80 115
80 122
81 89
81 100
81 101
81 116
81 117
81 122
82 89
82 98
82 99
82 118
82 122
83 89
83 98
83 119
83 122
84 89
84 97
84 119
84 122
84 578
85 89
85 96
85 114
85 120
85 122
85 580
86 89
86 95
86 101
86 120
86 122
86 566
87 89
87 95
87 120
87 122
87 587
88 90
88 94
88 119
88 120
88 122
89 90
89 94
89 119
89 122
90 90
90 94
90 103
90 104
90 105
90 106
90 107
90 108
90 109
90 110
90 111
90 112
90 113
90 114
90 115
90 119
90 122
90 591
90 598
91 90
91 94
91 101
91 102
91 103
91 105
91 106
91 108
91 110
91 111
91 114
91 115
91 119
91 122
92 90
92 94
92 100
92 101
92 104
92 105
92 106
92 107
92 108
92 109
92 110
92 111
92 112
92 113
92 114
92 118
92 122
93 91
93 94
93 95
93 101
93 112
93 113
93 118
93 122
94 91
94 95
94 101
94 105
94 106
94 107
94 108
94 109
94 112
94 118
94 123
95 91
95 95
95 102
95 104
95 109
95 110
95 111
95 117
95 123
96 91
96 96
96 97
96 103
96 104
96 105
96 106
96 107
96 108
96 109
96 115
96 116
96 123
97 91
97 98
97 99
97 100
97 101
97 102
97 112
97 113
97 114
97 123
98 91
98 103
98 104
98 105
98 106
98 107
98 108
98 109
98 110
98 111
98 123
99 91
99 123
100 91
101 91
106 63
106 510
109 506
110 516
110 527
117 206
122 243
123 198
136 23
136 229
138 450
139 448
149 225
154 193
154 517
154 527
158 184
161 50
167 233
168 225
168 233
168 234
169 221
169 225
169 233
169 235
170 221
170 222
170 224
170 225
170 233
170 236
171 221
171 222
171 223
171 224
171 225
171 233
171 237
171 348
172 214
172 215
172 221
172 225
172 232
172 238
172 577
173 213
173 215
173 221
173 226
173 231
173 232
173 239
174 212
174 214
174 221
174 226
174 230
174 231
174 239
175 212
175 214
175 221
175 227
175 228
175 229
175 239
175 276
176 211
176 214
176 215
176 220
176 240
176 599
177 211
177 215
177 216
177 217
177 218
177 219
177 240
178 211
178 240
179 210
179 211
179 239
179 240
180 210
180 239
180 578
181 210
181 239
182 210
182 238
183 210
183 229
183 230
183 231
183 232
183 233
183 238
184 211
184 228
184 234
184 237
185 211
185 218
185 219
185 220
185 221
185 228
185 235
185 236
185 237
186 211
186 217
186 222
186 223
186 227
186 235
186 236
187 212
187 216
187 217
187 223
187 224
187 227
187 234
188 213
188 216
188 224
188 227
189 214
189 215
189 217
189 225
189 227
189 299
190 216
190 217
190 225
190 228
191 217
191 226
191 228
191 598
192 226
192 228
193 226
193 228
194 227
194 228
195 227
195 228
196 318
198 340
198 510
199 240
199 322
200 527
201 321
201 352
204 416
206 248
215 363
216 590
217 365
217 580
219 359
219 373
224 592
226 597
228 38
236 39
236 591
237 592
239 40
241 473
243 33
243 37
243 471
245 113
245 452
247 426
247 451
250 153
252 305
254 460
258 34
278 246
280 247
283 590
290 269
292 588
295 583
298 94
298 412
299 174
301 403
302 404
308 104
312 200
321 116
323 117
325 443
331 215
334 561
336 213
337 437
340 97
340 328
342 94
343 84
346 90
347 78
348 122
350 140
350 304
352 305
352 322
353 145
354 127
359 4
359 77
361 74
363 41
369 6
376 60
380 3
381 167
384 387
386 6
402 552
403 547
406 58
407 466
411 460
412 593
413 6
415 53
415 64
417 488
417 594
419 61
419 559
420 468
420 588
424 63
425 465
425 587
427 488
428 6
432 474
432 582
433 349
433 598
435 49
437 486
438 580
440 449
440 479
443 87
443 88
443 89
443 596
444 86
444 90
444 91
444 409
444 584
445 85
445 86
445 91
445 92
446 85
446 92
446 94
446 95
446 96
446 97
446 489
447 44
447 84
447 92
447 93
447 97
447 98
447 489
447 496
448 83
448 91
448 99
448 100
448 101
448 102
448 103
448 104
448 105
448 488
448 489
448 496
448 497
448 511
449 83
449 90
449 98
449 99
449 100
449 105
449 106
449 107
449 108
449 479
449 480
449 487
449 488
449 490
449 495
449 498
449 509
449 510
449 511
450 82
450 90
450 91
450 92
450 93
450 94
450 95
450 96
450 97
450 98
450 99
450 100
450 108
450 224
450 479
450 480
450 485
450 486
450 490
450 491
450 494
450 499
450 500
450 501
450 506
450 507
450 508
451 81
451 89
451 90
451 95
451 98
451 99
451 100
451 108
451 429
451 478
451 481
451 482
451 483
451 484
451 491
451 492
451 493
451 503
451 504
451 505
451 507
452 81
452 89
452 95
452 96
452 97
452 98
452 99
452 108
452 477
452 499
452 500
452 501
452 502
452 506
453 80
453 88
453 89
453 90
453 95
453 99
453 108
453 447
453 471
453 476
453 498
453 499
453 506
454 79
454 87
454 90
454 91
454 92
454 96
454 99
454 108
454 471
454 475
454 505
455 79
455 87
455 92
455 93
455 94
455 97
455 99
455 107
455 471
455 472
455 473
455 474
455 492
455 493
455 494
455 495
455 505
455 599
456 78
456 86
456 94
456 95
456 98
456 99
456 107
456 471
456 488
456 489
456 490
456 491
456 492
456 493
456 496
456 497
456 505
456 506
457 77
457 85
457 96
457 98
457 99
457 106
457 471
457 484
457 485
457 486
457 487
457 494
457 495
457 498
457 499
457 507
457 508
457 509
457 510
457 511
457 512
457 513
458 77
458 85
458 96
458 98
458 99
458 106
458 339
458 427
458 471
458 482
458 483
458 495
458 496
458 500
458 510
458 511
459 76
459 85
459 87
459 88
459 89
459 90
459 91
459 96
459 98
459 106
459 471
459 481
459 501
459 509
460 76
460 84
460 86
460 92
460 93
460 94
460 95
460 96
460 98
460 105
460 470
460 480
460 501
460 508
461 47
461 55
461 75
461 84
461 86
461 94
461 95
461 96
461 97
461 98
461 105
461 470
461 479
461 502
461 508
462 75
462 83
462 86
462 91
462 92
462 93
462 98
462 105
462 210
462 470
462 478
462 502
462 508
462 539
463 75
463 83
463 87
463 88
463 91
463 92
463 97
463 98
463 104
463 209
463 469
463 478
463 503
463 508
464 6
464 74
464 83
464 89
464 90
464 91
464 93
464 94
464 97
464 104
464 467
464 468
464 477
464 503
464 508
465 74
465 82
465 92
465 95
465 97
465 104
465 207
465 468
465 477
465 503
465 508
466 73
466 82
466 93
466 95
466 97
466 103
466 114
466 454
466 468
466 477
466 503
466 508
467 73
467 82
467 84
467 85
467 86
467 93
467 95
467 96
467 103
467 469
467 477
467 504
467 509
467 510
468 72
468 81
468 83
468 86
468 87
468 88
468 93
468 95
468 96
468 102
468 470
468 476
468 504
468 511
468 512
468 513
468 514
469 72
469 81
469 82
469 88
469 89
469 90
469 91
469 92
469 93
469 95
469 96
469 102
469 470
469 476
469 504
469 511
470 71
470 81
470 82
470 88
470 90
470 91
470 92
470 93
470 94
470 95
470 102
470 470
470 476
470 504
470 510
471 71
471 80
471 83
471 88
471 89
471 95
471 101
471 426
471 455
471 470
471 476
471 504
471 510
472 52
472 71
472 80
472 84
472 85
472 86
472 87
472 89
472 90
472 95
472 101
472 456
472 470
472 476
472 504
472 509
473 70
473 79
473 88
473 91
473 94
473 100
473 470
473 476
473 504
473 509
473 595
474 70
474 79
474 89
474 91
474 94
474 100
474 469
474 476
474 504
474 509
474 527
475 70
475 78
475 89
475 91
475 94
475 99
475 469
475 477
475 503
475 504
475 509
476 69
476 77
476 88
476 89
476 91
476 93
476 99
476 468
476 477
476 503
476 509
477 69
477 77
477 79
477 80
477 81
477 82
477 83
477 84
477 85
477 86
477 87
477 91
477 93
477 98
477 466
477 467
477 477
477 503
477 510
478 68
478 76
478 78
478 89
478 90
478 92
478 98
478 410
478 463
478 464
478 465
478 478
478 502
478 509
478 510
479 0
479 68
479 75
479 78
479 85
479 86
479 87
479 88
479 92
479 97
479 465
479 466
479 478
479 501
479 508
479 511
480 67
480 75
480 78
480 79
480 84
480 85
480 86
480 91
480 97
480 467
480 479
480 500
480 508
481 0
481 67
481 74
481 75
481 79
481 80
481 81
481 82
481 86
481 87
481 91
481 96
481 411
481 468
481 480
481 499
481 507
482 66
482 74
482 82
482 83
482 84
482 85
482 88
482 90
482 96
482 469
482 481
482 498
482 507
483 66
483 74
483 86
483 88
483 89
483 96
483 470
483 482
483 483
483 484
483 485
483 495
483 496
483 497
483 507
484 65
484 66
484 73
484 77
484 78
484 79
484 80
484 81
484 82
484 83
484 84
484 85
484 88
484 89
484 95
484 470
484 471
484 486
484 487
484 488
484 489
484 490
484 491
484 492
484 493
484 494
484 495
484 506
485 65
485 73
485 76
485 77
485 86
485 87
485 88
485 94
485 95
485 471
485 506
486 7
486 65
486 72
486 75
486 79
486 80
486 81
486 82
486 83
486 84
486 85
486 88
486 94
486 472
486 506
487 47
487 65
487 72
487 75
487 79
487 80
487 87
487 94
487 420
487 472
487 506
488 64
488 72
488 75
488 76
488 81
488 82
488 86
488 94
488 472
488 506
489 64
489 71
489 72
489 77
489 78
489 79
489 83
489 86
489 93
489 433
489 472
489 502
489 503
489 504
489 505
489 506
490 47
490 63
490 71
490 79
490 80
490 82
490 83
490 85
490 93
490 472
490 500
490 501
491 63
491 71
491 72
491 81
491 82
491 85
491 92
491 472
491 473
491 474
491 475
491 476
491 477
491 478
491 479
491 499
492 63
492 71
492 72
492 84
492 92
492 480
492 481
492 497
492 498
493 62
493 71
493 72
493 82
493 83
493 92
493 482
493 487
493 488
493 489
493 490
493 491
493 496
493 547
493 599
494 62
494 71
494 72
494 82
494 83
494 91
494 482
494 485
494 486
494 492
494 493
494 496
495 62
495 71
495 73
495 81
495 82
495 91
495 482
495 483
495 484
495 493
495 495
496 62
496 71
496 74
496 75
496 76
496 77
496 78
496 79
496 80
496 82
496 90
496 482
496 494
497 62
497 71
497 81
497 90
497 406
497 494
498 62
498 71
498 80
498 89
498 470
499 62
499 72
499 79
499 89
500 62
500 63
500 72
500 73
500 74
500 75
500 76
500 77
500 78
500 88
500 598
501 63
501 87
501 426
501 583
502 64
502 86
503 65
503 85
503 599
504 66
504 84
504 85
504 470
504 591
505 67
505 81
505 82
505 83
506 68
506 79
506 80
506 81
507 69
507 70
507 71
507 76
507 77
507 78
507 466
508 72
508 73
508 74
508 75
509 21
510 13
511 585
511 596
514 423
515 589
516 455
516 588
519 104
519 342
519 542
519 596
520 52
521 598
522 6
522 20
522 456
523 21
523 590
526 399
526 592
529 498
532 473
534 474
536 71
538 1
539 435
540 311
540 438
540 464
540 471
541 312
541 458
542 429
543 450
544 8
544 118
544 188
548 178
549 177
554 197
560 194
562 187
564 166
564 183
566 154
566 200
570 24
570 190
573 244
576 432
577 94
577 96
577 582
578 225
581 187
582 235
583 410
583 417
590 1
591 18
591 254
591 592
592 236
595 15
599 249
603 14
604 26
604 575
606 2
609 58
612 30
613 59
614 19
615 592
616 5
617 316
618 56
618 315
619 89
619 314
621 37
623 287
625 421
626 590
627 111
628 28
628 86
629 596
630 414
633 398
636 581
638 590
641 0
643 578
646 520
647 37
647 506
648 308
648 526
648 580
649 276
649 278
649 309
649 312
649 509
649 584
650 570
651 281
652 497
653 556
653 597
654 286
654 556
655 282
655 511
656 236
657 314
658 238
658 568
659 496
660 566
661 269
661 277
661 594
662 429
662 597
664 416
664 492
666 132
666 264
666 395
666 498
669 304
670 596
671 557
672 120
672 336
674 4
675 548
676 498
677 260
677 481
677 590
678 120
678 599
679 540
679 570
679 571
680 572
681 187
683 166
683 470
683 473
683 558
683 599
685 594
686 324
686 419
687 462
688 415
691 598
693 416
693 458
695 162
695 167
696 453
696 581
697 441
698 4
698 47
698 574
699 10
699 586
700 397
700 411
701 446
701 494
702 30
702 230
703 230
703 231
703 588
704 231
704 232
704 233
704 234
705 231
705 235
705 236
705 237
706 231
706 238
706 239
707 26
707 231
707 240
707 241
708 231
708 242
708 243
709 231
709 244
709 408
710 232
710 245
711 232
711 246
712 232
712 247
712 248
712 491
712 589
713 232
713 249
713 396
713 598
714 232
714 244
714 245
714 246
714 247
714 248
714 249
714 250
714 353
714 367
714 593
715 232
715 240
715 241
715 242
715 243
716 232
716 236
716 237
716 238
716 239
717 26
717 129
717 232
717 234
717 235
717 254
717 255
718 232
718 233
718 252
718 253
718 254
718 255
718 353
718 548
719 231
719 232
719 248
719 249
719 250
719 251
719 255
720 232
720 243
720 244
720 245
720 246
720 247
720 255
720 335
721 232
721 238
721 239
721 240
721 241
721 242
721 255
721 345
722 163
722 232
722 234
722 235
722 236
722 237
722 255
723 231
723 232
723 233
723 254
724 228
724 229
724 230
724 254
725 122
725 222
725 223
725 224
725 225
725 226
725 227
725 254
726 222
726 223
726 224
726 253
726 353
727 224
727 253
727 335
727 594
728 224
728 252
729 0
729 22
729 32
729 225
729 252
730 225
730 226
730 251
731 227
731 250
732 228
732 229
732 230
732 248
732 249
733 231
733 232
733 233
733 234
733 235
733 244
733 245
733 246
733 247
734 235
734 236
734 237
734 238
734 239
734 240
734 241
734 242
734 243
737 30
741 25
742 39
742 578
746 2
747 31
747 47
747 584
748 16
750 5
750 597
753 48
756 566
758 8
759 9
759 168
763 538
766 39
766 42
767 591
768 133
768 512
768 524
769 22
770 508
770 577
771 503
772 7
772 54
774 498
776 504
776 564
777 16
777 535
778 561
779 577
780 523
781 35
781 512
785 541
785 547
788 479
788 554
788 578
791 599
792 598
792 599
793 597
793 598
793 599
794 289
794 301
794 307
794 531
794 596
794 597
794 598
794 599
795 33
795 403
795 483
795 595
795 596
795 597
795 598
795 599
796 197
796 258
796 497
796 499
796 594
796 595
796 596
796 597
796 598
796 599
797 17
797 370
797 534
797 593
797 594
797 595
797 596
797 597
797 598
797 599
798 175
798 246
798 310
798 402
798 538
798 592
798 593
798 594
798 595
798 596
798 597
798 598
798 599
799 379
799 412
799 591
799 592
799 593
799 594
799 595
799 596
799 597
799 598
799 599
