36 44 200 900
1 25
1 26
1 27
1 28
1 29
2 24
2 25
2 28
2 29
3 24
3 25
3 28
4 10
4 24
4 25
5 9
5 10
5 11
5 24
5 25
5 26
6 8
6 9
6 10
6 11
6 12
7 8
7 9
7 10
7 11
7 34
7 35
7 36
7 37
8 8
8 9
8 33
8 34
8 35
8 36
8 37
9 33
9 34
9 35
9 36
10 34
10 35
10 36
11 19
11 20
11 21
11 22
11 36
12 18
12 19
12 22
12 23
13 18
13 19
13 23
14 6
14 7
14 17
14 18
14 19
14 20
14 21
14 22
14 23
15 4
15 5
15 6
15 7
15 17
15 18
15 19
15 20
15 21
15 22
16 5
16 6
16 17
16 18
16 19
16 20
16 21
16 22
16 38
17 18
17 19
17 20
17 21
17 38
17 39
18 37
18 38
18 39
19 36
19 37
19 38
19 39
20 36
20 37
20 38
20 39
20 40
21 37
21 38
21 39
22 10
22 28
22 29
22 30
22 31
23 8
23 9
23 10
23 11
23 12
23 27
23 28
23 29
23 30
23 31
24 7
24 8
24 9
24 10
24 11
24 12
24 13
24 26
24 27
24 30
24 31
24 32
25 6
25 7
25 8
25 9
25 10
25 11
25 12
25 13
25 25
25 26
25 27
25 30
25 31
25 32
25 33
25 34
26 6
26 7
26 8
26 9
26 10
26 11
26 12
26 13
26 25
26 26
26 31
26 32
26 33
26 34
27 6
27 7
27 8
27 9
27 12
27 13
27 25
27 26
27 31
27 32
27 33
27 34
28 7
28 8
28 25
28 26
28 27
28 32
28 33
28 34
29 26
29 27
29 28
29 29
29 30
29 31
29 32
29 33
30 27
30 28
30 29
30 30
30 31
30 32
