100 150 365 5000
28 47
28 48
28 49
28 50
29 26
29 27
29 28
29 29
29 30
29 31
29 32
29 46
29 50
29 51
30 24
30 25
30 33
30 46
30 52
31 23
31 34
31 46
31 52
32 21
32 22
32 34
32 46
32 52
33 20
33 35
33 46
33 51
34 19
34 35
34 36
34 47
34 50
34 51
35 18
35 36
35 48
35 49
36 17
36 36
37 17
37 36
37 37
37 67
37 68
37 69
37 89
37 90
37 91
37 92
37 93
37 94
37 95
37 96
38 16
38 37
38 49
38 50
38 63
38 64
38 65
38 66
38 70
38 71
38 72
38 86
38 87
38 88
38 96
38 97
39 16
39 23
39 24
39 25
39 26
39 27
39 37
39 49
39 62
39 73
39 85
39 98
40 15
40 22
40 27
40 28
40 37
40 49
40 61
40 74
40 84
40 98
40 99
41 15
41 21
41 28
41 29
41 37
41 49
41 60
41 75
41 83
41 99
42 15
42 20
42 28
42 37
42 49
42 59
42 76
42 83
42 99
43 15
43 20
43 28
43 37
43 49
43 58
43 76
43 82
43 99
44 15
44 19
44 28
44 37
44 49
44 58
44 76
44 77
44 82
44 99
45 14
45 19
45 28
45 37
45 49
45 58
45 77
45 82
45 98
46 14
46 19
46 28
46 37
46 49
46 58
46 77
46 82
46 98
47 14
47 19
47 28
47 29
47 37
47 49
47 58
47 77
47 81
47 82
47 83
47 84
47 85
47 86
47 87
47 88
47 89
47 90
47 97
47 104
47 105
47 106
47 107
47 108
47 109
47 110
47 111
47 112
47 113
47 114
47 115
47 116
47 117
48 14
48 18
48 28
48 29
48 37
48 49
48 58
48 77
48 82
48 91
48 92
48 93
48 94
48 95
48 96
48 124
48 125
48 126
48 127
48 128
48 129
48 130
48 131
48 132
48 133
48 134
48 135
48 136
48 137
48 138
49 14
49 18
49 28
49 29
49 37
49 49
49 58
49 77
49 82
50 14
50 18
50 27
50 29
50 36
50 49
50 58
50 77
50 82
51 14
51 18
51 27
51 29
51 36
51 49
51 58
51 77
51 82
52 15
52 19
52 26
52 30
52 35
52 49
52 59
52 76
52 82
53 15
53 19
53 26
53 30
53 35
53 49
53 59
53 76
53 83
54 15
54 20
54 25
54 31
54 32
54 33
54 34
54 49
54 60
54 76
54 83
55 16
55 21
55 24
55 49
55 60
55 75
55 84
56 16
56 22
56 23
56 24
56 49
56 61
56 74
56 85
57 16
57 49
57 62
57 73
57 86
58 17
58 35
58 49
58 63
58 64
58 71
58 72
58 87
58 88
59 18
59 34
59 49
59 65
59 66
59 67
59 68
59 69
59 70
59 89
59 90
59 91
59 92
59 93
59 94
59 95
59 96
59 97
59 98
59 99
60 19
60 33
60 49
61 20
61 32
61 49
62 21
62 22
62 30
62 31
62 49
63 23
63 24
63 25
63 26
63 27
63 28
63 29
63 49
64 49
65 49
66 49
67 49
68 49
69 49
70 49
71 49
72 48
73 37
73 48
74 37
74 47
75 37
75 47
76 38
76 46
77 38
77 45
78 39
78 44
79 40
79 41
79 42
79 43
