800 1000 800 10000
9 276
10 189
10 266
10 277
10 390
10 501
11 27
11 41
12 129
12 173
12 177
12 183
12 275
12 421
12 670
13 146
14 147
15 40
15 128
15 142
15 494
17 269
18 16
18 163
19 178
19 419
19 472
23 151
23 641
24 123
24 374
24 635
24 993
25 382
26 43
26 120
26 147
26 179
26 648
27 382
27 387
27 644
28 363
29 181
29 230
29 424
31 53
32 149
32 422
33 167
34 411
34 629
35 31
35 183
35 383
36 43
36 372
36 411
38 60
38 981
38 998
39 19
39 30
39 400
39 423
41 52
41 625
41 985
42 164
43 408
44 368
44 387
45 17
45 51
45 767
46 1
47 9
47 19
47 74
50 591
50 603
51 169
51 373
52 157
52 391
53 9
53 36
53 67
53 160
53 397
53 581
53 582
54 4
54 8
54 990
55 156
55 165
55 175
55 314
55 509
55 971
56 163
59 35
59 37
59 311
60 6
60 13
60 19
60 316
61 22
61 25
61 32
61 312
61 394
62 33
62 40
62 47
62 301
63 61
63 381
63 391
64 81
65 298
65 485
65 569
66 7
66 312
66 363
66 365
69 57
70 13
73 287
74 49
75 315
76 70
76 311
77 8
79 39
80 1
80 41
80 280
82 278
83 34
83 558
83 561
84 34
84 117
87 28
88 26
88 47
88 290
89 282
90 30
90 289
91 267
91 273
92 647
93 647
93 662
94 260
129 992
131 63
132 12
132 956
136 975
138 956
139 16
141 967
144 322
144 976
145 943
147 1
149 30
151 941
152 8
156 320
157 23
157 923
160 952
161 958
163 313
167 910
167 921
168 913
171 942
173 258
173 289
174 295
174 811
175 293
175 890
177 251
177 935
181 278
183 162
184 246
187 901
188 901
219 77
222 824
223 816
224 291
224 835
224 840
225 374
227 817
227 821
227 965
228 65
229 47
229 69
229 811
229 832
229 958
230 63
231 44
233 48
233 381
233 802
234 808
234 812
236 823
237 794
237 828
238 266
238 945
239 40
240 38
242 383
246 374
246 377
248 256
250 368
250 809
251 245
253 16
253 324
255 804
257 317
259 230
264 308
266 308
283 129
306 56
306 250
306 851
307 39
307 61
311 53
311 364
311 833
312 29
312 51
313 11
313 960
313 987
314 20
314 31
314 897
314 959
317 218
317 642
319 31
320 37
320 642
320 895
320 899
321 24
323 23
323 314
324 25
324 216
329 15
329 630
330 310
331 297
332 158
333 167
334 627
334 637
336 159
337 293
338 153
341 2
341 277
344 377
346 275
348 145
351 167
356 156
360 124
361 132
361 144
368 124
370 116
380 312
390 260
392 244
394 48
394 273
396 253
397 258
398 964
399 44
400 243
401 941
403 35
405 903
406 35
406 913
407 930
409 11
409 12
410 881
412 899
413 890
414 873
414 902
415 935
416 905
418 936
421 892
421 920
425 886
425 998
426 876
427 861
429 881
430 901
430 923
431 474
434 996
435 427
435 494
435 991
436 997
438 871
440 869
440 879
441 449
441 472
441 487
443 469
443 896
444 446
448 862
448 983
449 443
449 959
452 364
452 973
453 973
454 944
454 945
456 975
458 989
460 938
461 977
463 860
463 939
463 952
463 960
464 986
465 939
465 976
465 982
466 942
466 957
467 926
471 936
475 79
475 325
477 143
478 79
478 125
479 141
481 65
482 916
482 922
484 124
485 130
486 295
487 135
488 282
490 112
490 303
491 125
492 50
493 887
493 909
493 919
494 316
496 899
497 269
497 918
497 923
498 920
500 902
501 45
502 880
503 307
504 73
504 75
504 903
505 77
509 889
510 313
511 36
513 65
514 872
515 41
515 250
517 246
518 62
518 589
518 879
519 64
519 279
520 286
521 235
521 882
522 37
523 6
523 916
524 64
524 67
524 220
524 293
524 902
524 915
525 39
526 30
526 860
527 37
527 280
528 233
528 300
530 28
530 306
531 230
532 257
533 567
535 249
535 279
536 6
536 288
537 257
537 271
537 865
538 206
538 585
539 17
539 18
539 24
539 581
540 837
540 863
541 862
542 837
543 281
544 847
545 171
545 553
546 36
546 867
547 39
547 274
547 519
549 531
549 582
549 860
550 26
550 189
550 215
550 544
551 190
584 881
585 124
585 178
585 558
588 121
588 584
590 567
592 116
592 583
593 863
595 66
595 555
597 49
598 61
602 126
602 568
605 110
609 35
611 835
612 49
612 268
612 537
613 910
614 23
615 20
615 50
615 911
616 66
616 104
616 243
616 423
617 821
618 818
618 898
620 19
620 244
621 22
621 894
622 28
624 14
625 807
625 982
626 205
627 234
627 892
627 981
628 28
628 49
628 224
628 521
629 19
630 916
631 228
631 886
634 2
634 201
635 10
635 230
639 155
640 169
640 895
641 173
641 193
642 197
642 211
643 215
647 172
647 771
648 167
648 172
651 182
652 180
652 194
654 166
655 184
656 765
659 156
666 177
669 933
671 494
673 163
674 285
676 276
677 511
678 281
678 486
678 497
678 850
680 454
680 468
681 280
682 510
682 861
683 47
683 818
684 41
685 270
685 489
685 859
686 44
686 424
686 502
686 804
686 838
686 862
687 114
688 49
688 464
689 257
689 457
690 481
690 815
690 851
691 255
691 817
693 853
695 51
695 780
695 819
696 817
697 791
699 49
699 255
699 845
700 405
700 415
701 310
702 35
702 321
702 670
703 771
704 99
704 750
704 811
705 55
705 316
707 32
707 46
707 301
710 31
712 576
712 998
713 30
713 771
714 27
714 56
714 561
714 764
715 650
715 652
715 789
716 57
716 740
716 775
716 999
717 3
717 10
718 6
718 16
718 763
718 784
720 746
721 780
721 998
723 3
724 31
724 731
726 189
726 739
726 999
727 978
728 547
728 773
729 721
730 14
732 52
732 700
732 964
733 444
735 423
735 541
738 611
739 424
739 607
739 693
739 723
740 32
740 392
740 729
741 788
743 385
743 721
744 435
744 443
744 719
745 361
745 679
745 703
745 984
747 314
747 374
747 419
747 721
748 589
748 767
748 772
749 291
749 700
750 585
750 700
751 302
751 305
751 320
751 504
751 700
752 284
752 323
752 693
752 999
753 372
754 324
754 991
755 293
755 380
755 727
756 2
756 311
756 738
757 254
757 266
757 754
757 993
758 498
760 694
761 327
761 747
762 569
762 745
763 289
763 769
764 783
764 785
765 289
765 476
765 556
766 242
766 296
767 299
769 225
770 264
770 270
770 295
770 320
770 375
771 305
771 625
772 140
772 241
772 247
773 155
774 324
774 360
774 462
775 653
775 775
778 247
778 630
779 231
779 299
779 652
779 918
782 620
783 324
783 451
784 642
784 649
785 316
786 306
787 252
787 661
788 307
788 321
788 362
788 639
788 918
789 374
789 671
789 954
790 743
791 225
791 275
791 673
791 897
792 252
792 595
792 660
792 943
793 637
793 676
793 928
794 594
794 616
794 664
794 932
795 87
795 317
795 676
795 906
795 912
795 945
796 239
796 279
796 505
797 87
797 100
797 224
797 581
797 650
797 670
797 910
798 503
798 680
799 636
799 646
